timestamp,value,metric_name,device,instance,job
2025-07-12 05:30:28,0,node_disk_flush_requests_total,nbd0,172.18.0.2:9100,prometheus.scrape.annotated_pods
2025-07-12 05:31:28,0,node_disk_flush_requests_total,nbd0,172.18.0.2:9100,prometheus.scrape.annotated_pods
2025-07-12 05:32:28,0,node_disk_flush_requests_total,nbd0,172.18.0.2:9100,prometheus.scrape.annotated_pods
2025-07-12 05:33:28,0,node_disk_flush_requests_total,nbd0,172.18.0.2:9100,prometheus.scrape.annotated_pods
2025-07-12 05:34:28,0,node_disk_flush_requests_total,nbd0,172.18.0.2:9100,prometheus.scrape.annotated_pods
2025-07-12 05:35:28,0,node_disk_flush_requests_total,nbd0,172.18.0.2:9100,prometheus.scrape.annotated_pods
2025-07-12 05:36:28,0,node_disk_flush_requests_total,nbd0,172.18.0.2:9100,prometheus.scrape.annotated_pods
2025-07-12 05:37:28,0,node_disk_flush_requests_total,nbd0,172.18.0.2:9100,prometheus.scrape.annotated_pods
2025-07-12 05:38:28,0,node_disk_flush_requests_total,nbd0,172.18.0.2:9100,prometheus.scrape.annotated_pods
2025-07-12 05:39:28,0,node_disk_flush_requests_total,nbd0,172.18.0.2:9100,prometheus.scrape.annotated_pods
2025-07-12 05:40:28,0,node_disk_flush_requests_total,nbd0,172.18.0.2:9100,prometheus.scrape.annotated_pods
2025-07-12 05:41:28,0,node_disk_flush_requests_total,nbd0,172.18.0.2:9100,prometheus.scrape.annotated_pods
2025-07-12 05:42:28,0,node_disk_flush_requests_total,nbd0,172.18.0.2:9100,prometheus.scrape.annotated_pods
2025-07-12 05:43:28,0,node_disk_flush_requests_total,nbd0,172.18.0.2:9100,prometheus.scrape.annotated_pods
2025-07-12 05:44:28,0,node_disk_flush_requests_total,nbd0,172.18.0.2:9100,prometheus.scrape.annotated_pods
2025-07-12 05:45:28,0,node_disk_flush_requests_total,nbd0,172.18.0.2:9100,prometheus.scrape.annotated_pods
2025-07-12 05:46:28,0,node_disk_flush_requests_total,nbd0,172.18.0.2:9100,prometheus.scrape.annotated_pods
2025-07-12 05:47:28,0,node_disk_flush_requests_total,nbd0,172.18.0.2:9100,prometheus.scrape.annotated_pods
2025-07-12 05:48:28,0,node_disk_flush_requests_total,nbd0,172.18.0.2:9100,prometheus.scrape.annotated_pods
2025-07-12 05:49:28,0,node_disk_flush_requests_total,nbd0,172.18.0.2:9100,prometheus.scrape.annotated_pods
2025-07-12 05:50:28,0,node_disk_flush_requests_total,nbd0,172.18.0.2:9100,prometheus.scrape.annotated_pods
2025-07-12 05:51:28,0,node_disk_flush_requests_total,nbd0,172.18.0.2:9100,prometheus.scrape.annotated_pods
2025-07-12 05:52:28,0,node_disk_flush_requests_total,nbd0,172.18.0.2:9100,prometheus.scrape.annotated_pods
2025-07-12 05:53:28,0,node_disk_flush_requests_total,nbd0,172.18.0.2:9100,prometheus.scrape.annotated_pods
2025-07-12 05:54:28,0,node_disk_flush_requests_total,nbd0,172.18.0.2:9100,prometheus.scrape.annotated_pods
2025-07-12 05:55:28,0,node_disk_flush_requests_total,nbd0,172.18.0.2:9100,prometheus.scrape.annotated_pods
2025-07-12 05:56:28,0,node_disk_flush_requests_total,nbd0,172.18.0.2:9100,prometheus.scrape.annotated_pods
2025-07-12 05:57:28,0,node_disk_flush_requests_total,nbd0,172.18.0.2:9100,prometheus.scrape.annotated_pods
2025-07-12 05:58:28,0,node_disk_flush_requests_total,nbd0,172.18.0.2:9100,prometheus.scrape.annotated_pods
2025-07-12 05:59:28,0,node_disk_flush_requests_total,nbd0,172.18.0.2:9100,prometheus.scrape.annotated_pods
2025-07-12 06:00:28,0,node_disk_flush_requests_total,nbd0,172.18.0.2:9100,prometheus.scrape.annotated_pods
2025-07-12 06:01:28,0,node_disk_flush_requests_total,nbd0,172.18.0.2:9100,prometheus.scrape.annotated_pods
2025-07-12 06:02:28,0,node_disk_flush_requests_total,nbd0,172.18.0.2:9100,prometheus.scrape.annotated_pods
2025-07-12 06:03:28,0,node_disk_flush_requests_total,nbd0,172.18.0.2:9100,prometheus.scrape.annotated_pods
2025-07-12 06:04:28,0,node_disk_flush_requests_total,nbd0,172.18.0.2:9100,prometheus.scrape.annotated_pods
2025-07-12 06:05:28,0,node_disk_flush_requests_total,nbd0,172.18.0.2:9100,prometheus.scrape.annotated_pods
2025-07-12 06:06:28,0,node_disk_flush_requests_total,nbd0,172.18.0.2:9100,prometheus.scrape.annotated_pods
2025-07-12 06:07:28,0,node_disk_flush_requests_total,nbd0,172.18.0.2:9100,prometheus.scrape.annotated_pods
2025-07-12 06:08:28,0,node_disk_flush_requests_total,nbd0,172.18.0.2:9100,prometheus.scrape.annotated_pods
2025-07-12 06:09:28,0,node_disk_flush_requests_total,nbd0,172.18.0.2:9100,prometheus.scrape.annotated_pods
2025-07-12 06:10:28,0,node_disk_flush_requests_total,nbd0,172.18.0.2:9100,prometheus.scrape.annotated_pods
2025-07-12 06:11:28,0,node_disk_flush_requests_total,nbd0,172.18.0.2:9100,prometheus.scrape.annotated_pods
2025-07-12 06:12:28,0,node_disk_flush_requests_total,nbd0,172.18.0.2:9100,prometheus.scrape.annotated_pods
2025-07-12 06:13:28,0,node_disk_flush_requests_total,nbd0,172.18.0.2:9100,prometheus.scrape.annotated_pods
2025-07-12 05:29:28,0,node_disk_flush_requests_total,nbd0,172.18.0.3:9100,prometheus.scrape.annotated_pods
2025-07-12 05:30:28,0,node_disk_flush_requests_total,nbd0,172.18.0.3:9100,prometheus.scrape.annotated_pods
2025-07-12 05:31:28,0,node_disk_flush_requests_total,nbd0,172.18.0.3:9100,prometheus.scrape.annotated_pods
2025-07-12 05:32:28,0,node_disk_flush_requests_total,nbd0,172.18.0.3:9100,prometheus.scrape.annotated_pods
2025-07-12 05:33:28,0,node_disk_flush_requests_total,nbd0,172.18.0.3:9100,prometheus.scrape.annotated_pods
2025-07-12 05:34:28,0,node_disk_flush_requests_total,nbd0,172.18.0.3:9100,prometheus.scrape.annotated_pods
2025-07-12 05:35:28,0,node_disk_flush_requests_total,nbd0,172.18.0.3:9100,prometheus.scrape.annotated_pods
2025-07-12 05:36:28,0,node_disk_flush_requests_total,nbd0,172.18.0.3:9100,prometheus.scrape.annotated_pods
2025-07-12 05:37:28,0,node_disk_flush_requests_total,nbd0,172.18.0.3:9100,prometheus.scrape.annotated_pods
2025-07-12 05:38:28,0,node_disk_flush_requests_total,nbd0,172.18.0.3:9100,prometheus.scrape.annotated_pods
2025-07-12 05:39:28,0,node_disk_flush_requests_total,nbd0,172.18.0.3:9100,prometheus.scrape.annotated_pods
2025-07-12 05:40:28,0,node_disk_flush_requests_total,nbd0,172.18.0.3:9100,prometheus.scrape.annotated_pods
2025-07-12 05:41:28,0,node_disk_flush_requests_total,nbd0,172.18.0.3:9100,prometheus.scrape.annotated_pods
2025-07-12 05:42:28,0,node_disk_flush_requests_total,nbd0,172.18.0.3:9100,prometheus.scrape.annotated_pods
2025-07-12 05:43:28,0,node_disk_flush_requests_total,nbd0,172.18.0.3:9100,prometheus.scrape.annotated_pods
2025-07-12 05:44:28,0,node_disk_flush_requests_total,nbd0,172.18.0.3:9100,prometheus.scrape.annotated_pods
2025-07-12 05:45:28,0,node_disk_flush_requests_total,nbd0,172.18.0.3:9100,prometheus.scrape.annotated_pods
2025-07-12 05:46:28,0,node_disk_flush_requests_total,nbd0,172.18.0.3:9100,prometheus.scrape.annotated_pods
2025-07-12 05:47:28,0,node_disk_flush_requests_total,nbd0,172.18.0.3:9100,prometheus.scrape.annotated_pods
2025-07-12 05:48:28,0,node_disk_flush_requests_total,nbd0,172.18.0.3:9100,prometheus.scrape.annotated_pods
2025-07-12 05:49:28,0,node_disk_flush_requests_total,nbd0,172.18.0.3:9100,prometheus.scrape.annotated_pods
2025-07-12 05:50:28,0,node_disk_flush_requests_total,nbd0,172.18.0.3:9100,prometheus.scrape.annotated_pods
2025-07-12 05:51:28,0,node_disk_flush_requests_total,nbd0,172.18.0.3:9100,prometheus.scrape.annotated_pods
2025-07-12 05:52:28,0,node_disk_flush_requests_total,nbd0,172.18.0.3:9100,prometheus.scrape.annotated_pods
2025-07-12 05:53:28,0,node_disk_flush_requests_total,nbd0,172.18.0.3:9100,prometheus.scrape.annotated_pods
2025-07-12 05:54:28,0,node_disk_flush_requests_total,nbd0,172.18.0.3:9100,prometheus.scrape.annotated_pods
2025-07-12 05:55:28,0,node_disk_flush_requests_total,nbd0,172.18.0.3:9100,prometheus.scrape.annotated_pods
2025-07-12 05:56:28,0,node_disk_flush_requests_total,nbd0,172.18.0.3:9100,prometheus.scrape.annotated_pods
2025-07-12 05:57:28,0,node_disk_flush_requests_total,nbd0,172.18.0.3:9100,prometheus.scrape.annotated_pods
2025-07-12 05:58:28,0,node_disk_flush_requests_total,nbd0,172.18.0.3:9100,prometheus.scrape.annotated_pods
2025-07-12 05:59:28,0,node_disk_flush_requests_total,nbd0,172.18.0.3:9100,prometheus.scrape.annotated_pods
2025-07-12 06:00:28,0,node_disk_flush_requests_total,nbd0,172.18.0.3:9100,prometheus.scrape.annotated_pods
2025-07-12 06:01:28,0,node_disk_flush_requests_total,nbd0,172.18.0.3:9100,prometheus.scrape.annotated_pods
2025-07-12 06:02:28,0,node_disk_flush_requests_total,nbd0,172.18.0.3:9100,prometheus.scrape.annotated_pods
2025-07-12 06:03:28,0,node_disk_flush_requests_total,nbd0,172.18.0.3:9100,prometheus.scrape.annotated_pods
2025-07-12 06:04:28,0,node_disk_flush_requests_total,nbd0,172.18.0.3:9100,prometheus.scrape.annotated_pods
2025-07-12 06:05:28,0,node_disk_flush_requests_total,nbd0,172.18.0.3:9100,prometheus.scrape.annotated_pods
2025-07-12 06:06:28,0,node_disk_flush_requests_total,nbd0,172.18.0.3:9100,prometheus.scrape.annotated_pods
2025-07-12 06:07:28,0,node_disk_flush_requests_total,nbd0,172.18.0.3:9100,prometheus.scrape.annotated_pods
2025-07-12 06:08:28,0,node_disk_flush_requests_total,nbd0,172.18.0.3:9100,prometheus.scrape.annotated_pods
2025-07-12 06:09:28,0,node_disk_flush_requests_total,nbd0,172.18.0.3:9100,prometheus.scrape.annotated_pods
2025-07-12 06:10:28,0,node_disk_flush_requests_total,nbd0,172.18.0.3:9100,prometheus.scrape.annotated_pods
2025-07-12 06:11:28,0,node_disk_flush_requests_total,nbd0,172.18.0.3:9100,prometheus.scrape.annotated_pods
2025-07-12 06:12:28,0,node_disk_flush_requests_total,nbd0,172.18.0.3:9100,prometheus.scrape.annotated_pods
2025-07-12 06:13:28,0,node_disk_flush_requests_total,nbd0,172.18.0.3:9100,prometheus.scrape.annotated_pods
2025-07-12 05:29:28,0,node_disk_flush_requests_total,nbd0,172.18.0.4:9100,prometheus.scrape.annotated_pods
2025-07-12 05:30:28,0,node_disk_flush_requests_total,nbd0,172.18.0.4:9100,prometheus.scrape.annotated_pods
2025-07-12 05:31:28,0,node_disk_flush_requests_total,nbd0,172.18.0.4:9100,prometheus.scrape.annotated_pods
2025-07-12 05:32:28,0,node_disk_flush_requests_total,nbd0,172.18.0.4:9100,prometheus.scrape.annotated_pods
2025-07-12 05:33:28,0,node_disk_flush_requests_total,nbd0,172.18.0.4:9100,prometheus.scrape.annotated_pods
2025-07-12 05:34:28,0,node_disk_flush_requests_total,nbd0,172.18.0.4:9100,prometheus.scrape.annotated_pods
2025-07-12 05:35:28,0,node_disk_flush_requests_total,nbd0,172.18.0.4:9100,prometheus.scrape.annotated_pods
2025-07-12 05:36:28,0,node_disk_flush_requests_total,nbd0,172.18.0.4:9100,prometheus.scrape.annotated_pods
2025-07-12 05:37:28,0,node_disk_flush_requests_total,nbd0,172.18.0.4:9100,prometheus.scrape.annotated_pods
2025-07-12 05:38:28,0,node_disk_flush_requests_total,nbd0,172.18.0.4:9100,prometheus.scrape.annotated_pods
2025-07-12 05:39:28,0,node_disk_flush_requests_total,nbd0,172.18.0.4:9100,prometheus.scrape.annotated_pods
2025-07-12 05:40:28,0,node_disk_flush_requests_total,nbd0,172.18.0.4:9100,prometheus.scrape.annotated_pods
2025-07-12 05:41:28,0,node_disk_flush_requests_total,nbd0,172.18.0.4:9100,prometheus.scrape.annotated_pods
2025-07-12 05:42:28,0,node_disk_flush_requests_total,nbd0,172.18.0.4:9100,prometheus.scrape.annotated_pods
2025-07-12 05:43:28,0,node_disk_flush_requests_total,nbd0,172.18.0.4:9100,prometheus.scrape.annotated_pods
2025-07-12 05:44:28,0,node_disk_flush_requests_total,nbd0,172.18.0.4:9100,prometheus.scrape.annotated_pods
2025-07-12 05:45:28,0,node_disk_flush_requests_total,nbd0,172.18.0.4:9100,prometheus.scrape.annotated_pods
2025-07-12 05:46:28,0,node_disk_flush_requests_total,nbd0,172.18.0.4:9100,prometheus.scrape.annotated_pods
2025-07-12 05:47:28,0,node_disk_flush_requests_total,nbd0,172.18.0.4:9100,prometheus.scrape.annotated_pods
2025-07-12 05:48:28,0,node_disk_flush_requests_total,nbd0,172.18.0.4:9100,prometheus.scrape.annotated_pods
2025-07-12 05:49:28,0,node_disk_flush_requests_total,nbd0,172.18.0.4:9100,prometheus.scrape.annotated_pods
2025-07-12 05:50:28,0,node_disk_flush_requests_total,nbd0,172.18.0.4:9100,prometheus.scrape.annotated_pods
2025-07-12 05:51:28,0,node_disk_flush_requests_total,nbd0,172.18.0.4:9100,prometheus.scrape.annotated_pods
2025-07-12 05:52:28,0,node_disk_flush_requests_total,nbd0,172.18.0.4:9100,prometheus.scrape.annotated_pods
2025-07-12 05:53:28,0,node_disk_flush_requests_total,nbd0,172.18.0.4:9100,prometheus.scrape.annotated_pods
2025-07-12 05:54:28,0,node_disk_flush_requests_total,nbd0,172.18.0.4:9100,prometheus.scrape.annotated_pods
2025-07-12 05:55:28,0,node_disk_flush_requests_total,nbd0,172.18.0.4:9100,prometheus.scrape.annotated_pods
2025-07-12 05:56:28,0,node_disk_flush_requests_total,nbd0,172.18.0.4:9100,prometheus.scrape.annotated_pods
2025-07-12 05:57:28,0,node_disk_flush_requests_total,nbd0,172.18.0.4:9100,prometheus.scrape.annotated_pods
2025-07-12 05:58:28,0,node_disk_flush_requests_total,nbd0,172.18.0.4:9100,prometheus.scrape.annotated_pods
2025-07-12 05:59:28,0,node_disk_flush_requests_total,nbd0,172.18.0.4:9100,prometheus.scrape.annotated_pods
2025-07-12 06:00:28,0,node_disk_flush_requests_total,nbd0,172.18.0.4:9100,prometheus.scrape.annotated_pods
2025-07-12 06:01:28,0,node_disk_flush_requests_total,nbd0,172.18.0.4:9100,prometheus.scrape.annotated_pods
2025-07-12 06:02:28,0,node_disk_flush_requests_total,nbd0,172.18.0.4:9100,prometheus.scrape.annotated_pods
2025-07-12 06:03:28,0,node_disk_flush_requests_total,nbd0,172.18.0.4:9100,prometheus.scrape.annotated_pods
2025-07-12 06:04:28,0,node_disk_flush_requests_total,nbd0,172.18.0.4:9100,prometheus.scrape.annotated_pods
2025-07-12 06:05:28,0,node_disk_flush_requests_total,nbd0,172.18.0.4:9100,prometheus.scrape.annotated_pods
2025-07-12 06:06:28,0,node_disk_flush_requests_total,nbd0,172.18.0.4:9100,prometheus.scrape.annotated_pods
2025-07-12 06:07:28,0,node_disk_flush_requests_total,nbd0,172.18.0.4:9100,prometheus.scrape.annotated_pods
2025-07-12 06:08:28,0,node_disk_flush_requests_total,nbd0,172.18.0.4:9100,prometheus.scrape.annotated_pods
2025-07-12 06:09:28,0,node_disk_flush_requests_total,nbd0,172.18.0.4:9100,prometheus.scrape.annotated_pods
2025-07-12 06:10:28,0,node_disk_flush_requests_total,nbd0,172.18.0.4:9100,prometheus.scrape.annotated_pods
2025-07-12 06:11:28,0,node_disk_flush_requests_total,nbd0,172.18.0.4:9100,prometheus.scrape.annotated_pods
2025-07-12 06:12:28,0,node_disk_flush_requests_total,nbd0,172.18.0.4:9100,prometheus.scrape.annotated_pods
2025-07-12 06:13:28,0,node_disk_flush_requests_total,nbd0,172.18.0.4:9100,prometheus.scrape.annotated_pods
2025-07-12 05:30:28,0,node_disk_flush_requests_total,nbd0,node-exporter.nimbusguard.svc:9100,prometheus.scrape.node_exporter
2025-07-12 05:31:28,0,node_disk_flush_requests_total,nbd0,node-exporter.nimbusguard.svc:9100,prometheus.scrape.node_exporter
2025-07-12 05:32:28,0,node_disk_flush_requests_total,nbd0,node-exporter.nimbusguard.svc:9100,prometheus.scrape.node_exporter
2025-07-12 05:33:28,0,node_disk_flush_requests_total,nbd0,node-exporter.nimbusguard.svc:9100,prometheus.scrape.node_exporter
2025-07-12 05:34:28,0,node_disk_flush_requests_total,nbd0,node-exporter.nimbusguard.svc:9100,prometheus.scrape.node_exporter
2025-07-12 05:35:28,0,node_disk_flush_requests_total,nbd0,node-exporter.nimbusguard.svc:9100,prometheus.scrape.node_exporter
2025-07-12 05:36:28,0,node_disk_flush_requests_total,nbd0,node-exporter.nimbusguard.svc:9100,prometheus.scrape.node_exporter
2025-07-12 05:37:28,0,node_disk_flush_requests_total,nbd0,node-exporter.nimbusguard.svc:9100,prometheus.scrape.node_exporter
2025-07-12 05:38:28,0,node_disk_flush_requests_total,nbd0,node-exporter.nimbusguard.svc:9100,prometheus.scrape.node_exporter
2025-07-12 05:39:28,0,node_disk_flush_requests_total,nbd0,node-exporter.nimbusguard.svc:9100,prometheus.scrape.node_exporter
2025-07-12 05:40:28,0,node_disk_flush_requests_total,nbd0,node-exporter.nimbusguard.svc:9100,prometheus.scrape.node_exporter
2025-07-12 05:41:28,0,node_disk_flush_requests_total,nbd0,node-exporter.nimbusguard.svc:9100,prometheus.scrape.node_exporter
2025-07-12 05:42:28,0,node_disk_flush_requests_total,nbd0,node-exporter.nimbusguard.svc:9100,prometheus.scrape.node_exporter
2025-07-12 05:43:28,0,node_disk_flush_requests_total,nbd0,node-exporter.nimbusguard.svc:9100,prometheus.scrape.node_exporter
2025-07-12 05:44:28,0,node_disk_flush_requests_total,nbd0,node-exporter.nimbusguard.svc:9100,prometheus.scrape.node_exporter
2025-07-12 05:45:28,0,node_disk_flush_requests_total,nbd0,node-exporter.nimbusguard.svc:9100,prometheus.scrape.node_exporter
2025-07-12 05:46:28,0,node_disk_flush_requests_total,nbd0,node-exporter.nimbusguard.svc:9100,prometheus.scrape.node_exporter
2025-07-12 05:47:28,0,node_disk_flush_requests_total,nbd0,node-exporter.nimbusguard.svc:9100,prometheus.scrape.node_exporter
2025-07-12 05:48:28,0,node_disk_flush_requests_total,nbd0,node-exporter.nimbusguard.svc:9100,prometheus.scrape.node_exporter
2025-07-12 05:49:28,0,node_disk_flush_requests_total,nbd0,node-exporter.nimbusguard.svc:9100,prometheus.scrape.node_exporter
2025-07-12 05:50:28,0,node_disk_flush_requests_total,nbd0,node-exporter.nimbusguard.svc:9100,prometheus.scrape.node_exporter
2025-07-12 05:51:28,0,node_disk_flush_requests_total,nbd0,node-exporter.nimbusguard.svc:9100,prometheus.scrape.node_exporter
2025-07-12 05:52:28,0,node_disk_flush_requests_total,nbd0,node-exporter.nimbusguard.svc:9100,prometheus.scrape.node_exporter
2025-07-12 05:53:28,0,node_disk_flush_requests_total,nbd0,node-exporter.nimbusguard.svc:9100,prometheus.scrape.node_exporter
2025-07-12 05:54:28,0,node_disk_flush_requests_total,nbd0,node-exporter.nimbusguard.svc:9100,prometheus.scrape.node_exporter
2025-07-12 05:55:28,0,node_disk_flush_requests_total,nbd0,node-exporter.nimbusguard.svc:9100,prometheus.scrape.node_exporter
2025-07-12 05:56:28,0,node_disk_flush_requests_total,nbd0,node-exporter.nimbusguard.svc:9100,prometheus.scrape.node_exporter
2025-07-12 05:57:28,0,node_disk_flush_requests_total,nbd0,node-exporter.nimbusguard.svc:9100,prometheus.scrape.node_exporter
2025-07-12 05:58:28,0,node_disk_flush_requests_total,nbd0,node-exporter.nimbusguard.svc:9100,prometheus.scrape.node_exporter
2025-07-12 05:59:28,0,node_disk_flush_requests_total,nbd0,node-exporter.nimbusguard.svc:9100,prometheus.scrape.node_exporter
2025-07-12 06:00:28,0,node_disk_flush_requests_total,nbd0,node-exporter.nimbusguard.svc:9100,prometheus.scrape.node_exporter
2025-07-12 06:01:28,0,node_disk_flush_requests_total,nbd0,node-exporter.nimbusguard.svc:9100,prometheus.scrape.node_exporter
2025-07-12 06:02:28,0,node_disk_flush_requests_total,nbd0,node-exporter.nimbusguard.svc:9100,prometheus.scrape.node_exporter
2025-07-12 06:03:28,0,node_disk_flush_requests_total,nbd0,node-exporter.nimbusguard.svc:9100,prometheus.scrape.node_exporter
2025-07-12 06:04:28,0,node_disk_flush_requests_total,nbd0,node-exporter.nimbusguard.svc:9100,prometheus.scrape.node_exporter
2025-07-12 06:05:28,0,node_disk_flush_requests_total,nbd0,node-exporter.nimbusguard.svc:9100,prometheus.scrape.node_exporter
2025-07-12 06:06:28,0,node_disk_flush_requests_total,nbd0,node-exporter.nimbusguard.svc:9100,prometheus.scrape.node_exporter
2025-07-12 06:07:28,0,node_disk_flush_requests_total,nbd0,node-exporter.nimbusguard.svc:9100,prometheus.scrape.node_exporter
2025-07-12 06:08:28,0,node_disk_flush_requests_total,nbd0,node-exporter.nimbusguard.svc:9100,prometheus.scrape.node_exporter
2025-07-12 06:09:28,0,node_disk_flush_requests_total,nbd0,node-exporter.nimbusguard.svc:9100,prometheus.scrape.node_exporter
2025-07-12 06:10:28,0,node_disk_flush_requests_total,nbd0,node-exporter.nimbusguard.svc:9100,prometheus.scrape.node_exporter
2025-07-12 06:11:28,0,node_disk_flush_requests_total,nbd0,node-exporter.nimbusguard.svc:9100,prometheus.scrape.node_exporter
2025-07-12 06:12:28,0,node_disk_flush_requests_total,nbd0,node-exporter.nimbusguard.svc:9100,prometheus.scrape.node_exporter
2025-07-12 06:13:28,0,node_disk_flush_requests_total,nbd0,node-exporter.nimbusguard.svc:9100,prometheus.scrape.node_exporter
2025-07-12 05:30:28,0,node_disk_flush_requests_total,nbd1,172.18.0.2:9100,prometheus.scrape.annotated_pods
2025-07-12 05:31:28,0,node_disk_flush_requests_total,nbd1,172.18.0.2:9100,prometheus.scrape.annotated_pods
2025-07-12 05:32:28,0,node_disk_flush_requests_total,nbd1,172.18.0.2:9100,prometheus.scrape.annotated_pods
2025-07-12 05:33:28,0,node_disk_flush_requests_total,nbd1,172.18.0.2:9100,prometheus.scrape.annotated_pods
2025-07-12 05:34:28,0,node_disk_flush_requests_total,nbd1,172.18.0.2:9100,prometheus.scrape.annotated_pods
2025-07-12 05:35:28,0,node_disk_flush_requests_total,nbd1,172.18.0.2:9100,prometheus.scrape.annotated_pods
2025-07-12 05:36:28,0,node_disk_flush_requests_total,nbd1,172.18.0.2:9100,prometheus.scrape.annotated_pods
2025-07-12 05:37:28,0,node_disk_flush_requests_total,nbd1,172.18.0.2:9100,prometheus.scrape.annotated_pods
2025-07-12 05:38:28,0,node_disk_flush_requests_total,nbd1,172.18.0.2:9100,prometheus.scrape.annotated_pods
2025-07-12 05:39:28,0,node_disk_flush_requests_total,nbd1,172.18.0.2:9100,prometheus.scrape.annotated_pods
2025-07-12 05:40:28,0,node_disk_flush_requests_total,nbd1,172.18.0.2:9100,prometheus.scrape.annotated_pods
2025-07-12 05:41:28,0,node_disk_flush_requests_total,nbd1,172.18.0.2:9100,prometheus.scrape.annotated_pods
2025-07-12 05:42:28,0,node_disk_flush_requests_total,nbd1,172.18.0.2:9100,prometheus.scrape.annotated_pods
2025-07-12 05:43:28,0,node_disk_flush_requests_total,nbd1,172.18.0.2:9100,prometheus.scrape.annotated_pods
2025-07-12 05:44:28,0,node_disk_flush_requests_total,nbd1,172.18.0.2:9100,prometheus.scrape.annotated_pods
2025-07-12 05:45:28,0,node_disk_flush_requests_total,nbd1,172.18.0.2:9100,prometheus.scrape.annotated_pods
2025-07-12 05:46:28,0,node_disk_flush_requests_total,nbd1,172.18.0.2:9100,prometheus.scrape.annotated_pods
2025-07-12 05:47:28,0,node_disk_flush_requests_total,nbd1,172.18.0.2:9100,prometheus.scrape.annotated_pods
2025-07-12 05:48:28,0,node_disk_flush_requests_total,nbd1,172.18.0.2:9100,prometheus.scrape.annotated_pods
2025-07-12 05:49:28,0,node_disk_flush_requests_total,nbd1,172.18.0.2:9100,prometheus.scrape.annotated_pods
2025-07-12 05:50:28,0,node_disk_flush_requests_total,nbd1,172.18.0.2:9100,prometheus.scrape.annotated_pods
2025-07-12 05:51:28,0,node_disk_flush_requests_total,nbd1,172.18.0.2:9100,prometheus.scrape.annotated_pods
2025-07-12 05:52:28,0,node_disk_flush_requests_total,nbd1,172.18.0.2:9100,prometheus.scrape.annotated_pods
2025-07-12 05:53:28,0,node_disk_flush_requests_total,nbd1,172.18.0.2:9100,prometheus.scrape.annotated_pods
2025-07-12 05:54:28,0,node_disk_flush_requests_total,nbd1,172.18.0.2:9100,prometheus.scrape.annotated_pods
2025-07-12 05:55:28,0,node_disk_flush_requests_total,nbd1,172.18.0.2:9100,prometheus.scrape.annotated_pods
2025-07-12 05:56:28,0,node_disk_flush_requests_total,nbd1,172.18.0.2:9100,prometheus.scrape.annotated_pods
2025-07-12 05:57:28,0,node_disk_flush_requests_total,nbd1,172.18.0.2:9100,prometheus.scrape.annotated_pods
2025-07-12 05:58:28,0,node_disk_flush_requests_total,nbd1,172.18.0.2:9100,prometheus.scrape.annotated_pods
2025-07-12 05:59:28,0,node_disk_flush_requests_total,nbd1,172.18.0.2:9100,prometheus.scrape.annotated_pods
2025-07-12 06:00:28,0,node_disk_flush_requests_total,nbd1,172.18.0.2:9100,prometheus.scrape.annotated_pods
2025-07-12 06:01:28,0,node_disk_flush_requests_total,nbd1,172.18.0.2:9100,prometheus.scrape.annotated_pods
2025-07-12 06:02:28,0,node_disk_flush_requests_total,nbd1,172.18.0.2:9100,prometheus.scrape.annotated_pods
2025-07-12 06:03:28,0,node_disk_flush_requests_total,nbd1,172.18.0.2:9100,prometheus.scrape.annotated_pods
2025-07-12 06:04:28,0,node_disk_flush_requests_total,nbd1,172.18.0.2:9100,prometheus.scrape.annotated_pods
2025-07-12 06:05:28,0,node_disk_flush_requests_total,nbd1,172.18.0.2:9100,prometheus.scrape.annotated_pods
2025-07-12 06:06:28,0,node_disk_flush_requests_total,nbd1,172.18.0.2:9100,prometheus.scrape.annotated_pods
2025-07-12 06:07:28,0,node_disk_flush_requests_total,nbd1,172.18.0.2:9100,prometheus.scrape.annotated_pods
2025-07-12 06:08:28,0,node_disk_flush_requests_total,nbd1,172.18.0.2:9100,prometheus.scrape.annotated_pods
2025-07-12 06:09:28,0,node_disk_flush_requests_total,nbd1,172.18.0.2:9100,prometheus.scrape.annotated_pods
2025-07-12 06:10:28,0,node_disk_flush_requests_total,nbd1,172.18.0.2:9100,prometheus.scrape.annotated_pods
2025-07-12 06:11:28,0,node_disk_flush_requests_total,nbd1,172.18.0.2:9100,prometheus.scrape.annotated_pods
2025-07-12 06:12:28,0,node_disk_flush_requests_total,nbd1,172.18.0.2:9100,prometheus.scrape.annotated_pods
2025-07-12 06:13:28,0,node_disk_flush_requests_total,nbd1,172.18.0.2:9100,prometheus.scrape.annotated_pods
2025-07-12 05:29:28,0,node_disk_flush_requests_total,nbd1,172.18.0.3:9100,prometheus.scrape.annotated_pods
2025-07-12 05:30:28,0,node_disk_flush_requests_total,nbd1,172.18.0.3:9100,prometheus.scrape.annotated_pods
2025-07-12 05:31:28,0,node_disk_flush_requests_total,nbd1,172.18.0.3:9100,prometheus.scrape.annotated_pods
2025-07-12 05:32:28,0,node_disk_flush_requests_total,nbd1,172.18.0.3:9100,prometheus.scrape.annotated_pods
2025-07-12 05:33:28,0,node_disk_flush_requests_total,nbd1,172.18.0.3:9100,prometheus.scrape.annotated_pods
2025-07-12 05:34:28,0,node_disk_flush_requests_total,nbd1,172.18.0.3:9100,prometheus.scrape.annotated_pods
2025-07-12 05:35:28,0,node_disk_flush_requests_total,nbd1,172.18.0.3:9100,prometheus.scrape.annotated_pods
2025-07-12 05:36:28,0,node_disk_flush_requests_total,nbd1,172.18.0.3:9100,prometheus.scrape.annotated_pods
2025-07-12 05:37:28,0,node_disk_flush_requests_total,nbd1,172.18.0.3:9100,prometheus.scrape.annotated_pods
2025-07-12 05:38:28,0,node_disk_flush_requests_total,nbd1,172.18.0.3:9100,prometheus.scrape.annotated_pods
2025-07-12 05:39:28,0,node_disk_flush_requests_total,nbd1,172.18.0.3:9100,prometheus.scrape.annotated_pods
2025-07-12 05:40:28,0,node_disk_flush_requests_total,nbd1,172.18.0.3:9100,prometheus.scrape.annotated_pods
2025-07-12 05:41:28,0,node_disk_flush_requests_total,nbd1,172.18.0.3:9100,prometheus.scrape.annotated_pods
2025-07-12 05:42:28,0,node_disk_flush_requests_total,nbd1,172.18.0.3:9100,prometheus.scrape.annotated_pods
2025-07-12 05:43:28,0,node_disk_flush_requests_total,nbd1,172.18.0.3:9100,prometheus.scrape.annotated_pods
2025-07-12 05:44:28,0,node_disk_flush_requests_total,nbd1,172.18.0.3:9100,prometheus.scrape.annotated_pods
2025-07-12 05:45:28,0,node_disk_flush_requests_total,nbd1,172.18.0.3:9100,prometheus.scrape.annotated_pods
2025-07-12 05:46:28,0,node_disk_flush_requests_total,nbd1,172.18.0.3:9100,prometheus.scrape.annotated_pods
2025-07-12 05:47:28,0,node_disk_flush_requests_total,nbd1,172.18.0.3:9100,prometheus.scrape.annotated_pods
2025-07-12 05:48:28,0,node_disk_flush_requests_total,nbd1,172.18.0.3:9100,prometheus.scrape.annotated_pods
2025-07-12 05:49:28,0,node_disk_flush_requests_total,nbd1,172.18.0.3:9100,prometheus.scrape.annotated_pods
2025-07-12 05:50:28,0,node_disk_flush_requests_total,nbd1,172.18.0.3:9100,prometheus.scrape.annotated_pods
2025-07-12 05:51:28,0,node_disk_flush_requests_total,nbd1,172.18.0.3:9100,prometheus.scrape.annotated_pods
2025-07-12 05:52:28,0,node_disk_flush_requests_total,nbd1,172.18.0.3:9100,prometheus.scrape.annotated_pods
2025-07-12 05:53:28,0,node_disk_flush_requests_total,nbd1,172.18.0.3:9100,prometheus.scrape.annotated_pods
2025-07-12 05:54:28,0,node_disk_flush_requests_total,nbd1,172.18.0.3:9100,prometheus.scrape.annotated_pods
2025-07-12 05:55:28,0,node_disk_flush_requests_total,nbd1,172.18.0.3:9100,prometheus.scrape.annotated_pods
2025-07-12 05:56:28,0,node_disk_flush_requests_total,nbd1,172.18.0.3:9100,prometheus.scrape.annotated_pods
2025-07-12 05:57:28,0,node_disk_flush_requests_total,nbd1,172.18.0.3:9100,prometheus.scrape.annotated_pods
2025-07-12 05:58:28,0,node_disk_flush_requests_total,nbd1,172.18.0.3:9100,prometheus.scrape.annotated_pods
2025-07-12 05:59:28,0,node_disk_flush_requests_total,nbd1,172.18.0.3:9100,prometheus.scrape.annotated_pods
2025-07-12 06:00:28,0,node_disk_flush_requests_total,nbd1,172.18.0.3:9100,prometheus.scrape.annotated_pods
2025-07-12 06:01:28,0,node_disk_flush_requests_total,nbd1,172.18.0.3:9100,prometheus.scrape.annotated_pods
2025-07-12 06:02:28,0,node_disk_flush_requests_total,nbd1,172.18.0.3:9100,prometheus.scrape.annotated_pods
2025-07-12 06:03:28,0,node_disk_flush_requests_total,nbd1,172.18.0.3:9100,prometheus.scrape.annotated_pods
2025-07-12 06:04:28,0,node_disk_flush_requests_total,nbd1,172.18.0.3:9100,prometheus.scrape.annotated_pods
2025-07-12 06:05:28,0,node_disk_flush_requests_total,nbd1,172.18.0.3:9100,prometheus.scrape.annotated_pods
2025-07-12 06:06:28,0,node_disk_flush_requests_total,nbd1,172.18.0.3:9100,prometheus.scrape.annotated_pods
2025-07-12 06:07:28,0,node_disk_flush_requests_total,nbd1,172.18.0.3:9100,prometheus.scrape.annotated_pods
2025-07-12 06:08:28,0,node_disk_flush_requests_total,nbd1,172.18.0.3:9100,prometheus.scrape.annotated_pods
2025-07-12 06:09:28,0,node_disk_flush_requests_total,nbd1,172.18.0.3:9100,prometheus.scrape.annotated_pods
2025-07-12 06:10:28,0,node_disk_flush_requests_total,nbd1,172.18.0.3:9100,prometheus.scrape.annotated_pods
2025-07-12 06:11:28,0,node_disk_flush_requests_total,nbd1,172.18.0.3:9100,prometheus.scrape.annotated_pods
2025-07-12 06:12:28,0,node_disk_flush_requests_total,nbd1,172.18.0.3:9100,prometheus.scrape.annotated_pods
2025-07-12 06:13:28,0,node_disk_flush_requests_total,nbd1,172.18.0.3:9100,prometheus.scrape.annotated_pods
2025-07-12 05:29:28,0,node_disk_flush_requests_total,nbd1,172.18.0.4:9100,prometheus.scrape.annotated_pods
2025-07-12 05:30:28,0,node_disk_flush_requests_total,nbd1,172.18.0.4:9100,prometheus.scrape.annotated_pods
2025-07-12 05:31:28,0,node_disk_flush_requests_total,nbd1,172.18.0.4:9100,prometheus.scrape.annotated_pods
2025-07-12 05:32:28,0,node_disk_flush_requests_total,nbd1,172.18.0.4:9100,prometheus.scrape.annotated_pods
2025-07-12 05:33:28,0,node_disk_flush_requests_total,nbd1,172.18.0.4:9100,prometheus.scrape.annotated_pods
2025-07-12 05:34:28,0,node_disk_flush_requests_total,nbd1,172.18.0.4:9100,prometheus.scrape.annotated_pods
2025-07-12 05:35:28,0,node_disk_flush_requests_total,nbd1,172.18.0.4:9100,prometheus.scrape.annotated_pods
2025-07-12 05:36:28,0,node_disk_flush_requests_total,nbd1,172.18.0.4:9100,prometheus.scrape.annotated_pods
2025-07-12 05:37:28,0,node_disk_flush_requests_total,nbd1,172.18.0.4:9100,prometheus.scrape.annotated_pods
2025-07-12 05:38:28,0,node_disk_flush_requests_total,nbd1,172.18.0.4:9100,prometheus.scrape.annotated_pods
2025-07-12 05:39:28,0,node_disk_flush_requests_total,nbd1,172.18.0.4:9100,prometheus.scrape.annotated_pods
2025-07-12 05:40:28,0,node_disk_flush_requests_total,nbd1,172.18.0.4:9100,prometheus.scrape.annotated_pods
2025-07-12 05:41:28,0,node_disk_flush_requests_total,nbd1,172.18.0.4:9100,prometheus.scrape.annotated_pods
2025-07-12 05:42:28,0,node_disk_flush_requests_total,nbd1,172.18.0.4:9100,prometheus.scrape.annotated_pods
2025-07-12 05:43:28,0,node_disk_flush_requests_total,nbd1,172.18.0.4:9100,prometheus.scrape.annotated_pods
2025-07-12 05:44:28,0,node_disk_flush_requests_total,nbd1,172.18.0.4:9100,prometheus.scrape.annotated_pods
2025-07-12 05:45:28,0,node_disk_flush_requests_total,nbd1,172.18.0.4:9100,prometheus.scrape.annotated_pods
2025-07-12 05:46:28,0,node_disk_flush_requests_total,nbd1,172.18.0.4:9100,prometheus.scrape.annotated_pods
2025-07-12 05:47:28,0,node_disk_flush_requests_total,nbd1,172.18.0.4:9100,prometheus.scrape.annotated_pods
2025-07-12 05:48:28,0,node_disk_flush_requests_total,nbd1,172.18.0.4:9100,prometheus.scrape.annotated_pods
2025-07-12 05:49:28,0,node_disk_flush_requests_total,nbd1,172.18.0.4:9100,prometheus.scrape.annotated_pods
2025-07-12 05:50:28,0,node_disk_flush_requests_total,nbd1,172.18.0.4:9100,prometheus.scrape.annotated_pods
2025-07-12 05:51:28,0,node_disk_flush_requests_total,nbd1,172.18.0.4:9100,prometheus.scrape.annotated_pods
2025-07-12 05:52:28,0,node_disk_flush_requests_total,nbd1,172.18.0.4:9100,prometheus.scrape.annotated_pods
2025-07-12 05:53:28,0,node_disk_flush_requests_total,nbd1,172.18.0.4:9100,prometheus.scrape.annotated_pods
2025-07-12 05:54:28,0,node_disk_flush_requests_total,nbd1,172.18.0.4:9100,prometheus.scrape.annotated_pods
2025-07-12 05:55:28,0,node_disk_flush_requests_total,nbd1,172.18.0.4:9100,prometheus.scrape.annotated_pods
2025-07-12 05:56:28,0,node_disk_flush_requests_total,nbd1,172.18.0.4:9100,prometheus.scrape.annotated_pods
2025-07-12 05:57:28,0,node_disk_flush_requests_total,nbd1,172.18.0.4:9100,prometheus.scrape.annotated_pods
2025-07-12 05:58:28,0,node_disk_flush_requests_total,nbd1,172.18.0.4:9100,prometheus.scrape.annotated_pods
2025-07-12 05:59:28,0,node_disk_flush_requests_total,nbd1,172.18.0.4:9100,prometheus.scrape.annotated_pods
2025-07-12 06:00:28,0,node_disk_flush_requests_total,nbd1,172.18.0.4:9100,prometheus.scrape.annotated_pods
2025-07-12 06:01:28,0,node_disk_flush_requests_total,nbd1,172.18.0.4:9100,prometheus.scrape.annotated_pods
2025-07-12 06:02:28,0,node_disk_flush_requests_total,nbd1,172.18.0.4:9100,prometheus.scrape.annotated_pods
2025-07-12 06:03:28,0,node_disk_flush_requests_total,nbd1,172.18.0.4:9100,prometheus.scrape.annotated_pods
2025-07-12 06:04:28,0,node_disk_flush_requests_total,nbd1,172.18.0.4:9100,prometheus.scrape.annotated_pods
2025-07-12 06:05:28,0,node_disk_flush_requests_total,nbd1,172.18.0.4:9100,prometheus.scrape.annotated_pods
2025-07-12 06:06:28,0,node_disk_flush_requests_total,nbd1,172.18.0.4:9100,prometheus.scrape.annotated_pods
2025-07-12 06:07:28,0,node_disk_flush_requests_total,nbd1,172.18.0.4:9100,prometheus.scrape.annotated_pods
2025-07-12 06:08:28,0,node_disk_flush_requests_total,nbd1,172.18.0.4:9100,prometheus.scrape.annotated_pods
2025-07-12 06:09:28,0,node_disk_flush_requests_total,nbd1,172.18.0.4:9100,prometheus.scrape.annotated_pods
2025-07-12 06:10:28,0,node_disk_flush_requests_total,nbd1,172.18.0.4:9100,prometheus.scrape.annotated_pods
2025-07-12 06:11:28,0,node_disk_flush_requests_total,nbd1,172.18.0.4:9100,prometheus.scrape.annotated_pods
2025-07-12 06:12:28,0,node_disk_flush_requests_total,nbd1,172.18.0.4:9100,prometheus.scrape.annotated_pods
2025-07-12 06:13:28,0,node_disk_flush_requests_total,nbd1,172.18.0.4:9100,prometheus.scrape.annotated_pods
2025-07-12 05:30:28,0,node_disk_flush_requests_total,nbd1,node-exporter.nimbusguard.svc:9100,prometheus.scrape.node_exporter
2025-07-12 05:31:28,0,node_disk_flush_requests_total,nbd1,node-exporter.nimbusguard.svc:9100,prometheus.scrape.node_exporter
2025-07-12 05:32:28,0,node_disk_flush_requests_total,nbd1,node-exporter.nimbusguard.svc:9100,prometheus.scrape.node_exporter
2025-07-12 05:33:28,0,node_disk_flush_requests_total,nbd1,node-exporter.nimbusguard.svc:9100,prometheus.scrape.node_exporter
2025-07-12 05:34:28,0,node_disk_flush_requests_total,nbd1,node-exporter.nimbusguard.svc:9100,prometheus.scrape.node_exporter
2025-07-12 05:35:28,0,node_disk_flush_requests_total,nbd1,node-exporter.nimbusguard.svc:9100,prometheus.scrape.node_exporter
2025-07-12 05:36:28,0,node_disk_flush_requests_total,nbd1,node-exporter.nimbusguard.svc:9100,prometheus.scrape.node_exporter
2025-07-12 05:37:28,0,node_disk_flush_requests_total,nbd1,node-exporter.nimbusguard.svc:9100,prometheus.scrape.node_exporter
2025-07-12 05:38:28,0,node_disk_flush_requests_total,nbd1,node-exporter.nimbusguard.svc:9100,prometheus.scrape.node_exporter
2025-07-12 05:39:28,0,node_disk_flush_requests_total,nbd1,node-exporter.nimbusguard.svc:9100,prometheus.scrape.node_exporter
2025-07-12 05:40:28,0,node_disk_flush_requests_total,nbd1,node-exporter.nimbusguard.svc:9100,prometheus.scrape.node_exporter
2025-07-12 05:41:28,0,node_disk_flush_requests_total,nbd1,node-exporter.nimbusguard.svc:9100,prometheus.scrape.node_exporter
2025-07-12 05:42:28,0,node_disk_flush_requests_total,nbd1,node-exporter.nimbusguard.svc:9100,prometheus.scrape.node_exporter
2025-07-12 05:43:28,0,node_disk_flush_requests_total,nbd1,node-exporter.nimbusguard.svc:9100,prometheus.scrape.node_exporter
2025-07-12 05:44:28,0,node_disk_flush_requests_total,nbd1,node-exporter.nimbusguard.svc:9100,prometheus.scrape.node_exporter
2025-07-12 05:45:28,0,node_disk_flush_requests_total,nbd1,node-exporter.nimbusguard.svc:9100,prometheus.scrape.node_exporter
2025-07-12 05:46:28,0,node_disk_flush_requests_total,nbd1,node-exporter.nimbusguard.svc:9100,prometheus.scrape.node_exporter
2025-07-12 05:47:28,0,node_disk_flush_requests_total,nbd1,node-exporter.nimbusguard.svc:9100,prometheus.scrape.node_exporter
2025-07-12 05:48:28,0,node_disk_flush_requests_total,nbd1,node-exporter.nimbusguard.svc:9100,prometheus.scrape.node_exporter
2025-07-12 05:49:28,0,node_disk_flush_requests_total,nbd1,node-exporter.nimbusguard.svc:9100,prometheus.scrape.node_exporter
2025-07-12 05:50:28,0,node_disk_flush_requests_total,nbd1,node-exporter.nimbusguard.svc:9100,prometheus.scrape.node_exporter
2025-07-12 05:51:28,0,node_disk_flush_requests_total,nbd1,node-exporter.nimbusguard.svc:9100,prometheus.scrape.node_exporter
2025-07-12 05:52:28,0,node_disk_flush_requests_total,nbd1,node-exporter.nimbusguard.svc:9100,prometheus.scrape.node_exporter
2025-07-12 05:53:28,0,node_disk_flush_requests_total,nbd1,node-exporter.nimbusguard.svc:9100,prometheus.scrape.node_exporter
2025-07-12 05:54:28,0,node_disk_flush_requests_total,nbd1,node-exporter.nimbusguard.svc:9100,prometheus.scrape.node_exporter
2025-07-12 05:55:28,0,node_disk_flush_requests_total,nbd1,node-exporter.nimbusguard.svc:9100,prometheus.scrape.node_exporter
2025-07-12 05:56:28,0,node_disk_flush_requests_total,nbd1,node-exporter.nimbusguard.svc:9100,prometheus.scrape.node_exporter
2025-07-12 05:57:28,0,node_disk_flush_requests_total,nbd1,node-exporter.nimbusguard.svc:9100,prometheus.scrape.node_exporter
2025-07-12 05:58:28,0,node_disk_flush_requests_total,nbd1,node-exporter.nimbusguard.svc:9100,prometheus.scrape.node_exporter
2025-07-12 05:59:28,0,node_disk_flush_requests_total,nbd1,node-exporter.nimbusguard.svc:9100,prometheus.scrape.node_exporter
2025-07-12 06:00:28,0,node_disk_flush_requests_total,nbd1,node-exporter.nimbusguard.svc:9100,prometheus.scrape.node_exporter
2025-07-12 06:01:28,0,node_disk_flush_requests_total,nbd1,node-exporter.nimbusguard.svc:9100,prometheus.scrape.node_exporter
2025-07-12 06:02:28,0,node_disk_flush_requests_total,nbd1,node-exporter.nimbusguard.svc:9100,prometheus.scrape.node_exporter
2025-07-12 06:03:28,0,node_disk_flush_requests_total,nbd1,node-exporter.nimbusguard.svc:9100,prometheus.scrape.node_exporter
2025-07-12 06:04:28,0,node_disk_flush_requests_total,nbd1,node-exporter.nimbusguard.svc:9100,prometheus.scrape.node_exporter
2025-07-12 06:05:28,0,node_disk_flush_requests_total,nbd1,node-exporter.nimbusguard.svc:9100,prometheus.scrape.node_exporter
2025-07-12 06:06:28,0,node_disk_flush_requests_total,nbd1,node-exporter.nimbusguard.svc:9100,prometheus.scrape.node_exporter
2025-07-12 06:07:28,0,node_disk_flush_requests_total,nbd1,node-exporter.nimbusguard.svc:9100,prometheus.scrape.node_exporter
2025-07-12 06:08:28,0,node_disk_flush_requests_total,nbd1,node-exporter.nimbusguard.svc:9100,prometheus.scrape.node_exporter
2025-07-12 06:09:28,0,node_disk_flush_requests_total,nbd1,node-exporter.nimbusguard.svc:9100,prometheus.scrape.node_exporter
2025-07-12 06:10:28,0,node_disk_flush_requests_total,nbd1,node-exporter.nimbusguard.svc:9100,prometheus.scrape.node_exporter
2025-07-12 06:11:28,0,node_disk_flush_requests_total,nbd1,node-exporter.nimbusguard.svc:9100,prometheus.scrape.node_exporter
2025-07-12 06:12:28,0,node_disk_flush_requests_total,nbd1,node-exporter.nimbusguard.svc:9100,prometheus.scrape.node_exporter
2025-07-12 06:13:28,0,node_disk_flush_requests_total,nbd1,node-exporter.nimbusguard.svc:9100,prometheus.scrape.node_exporter
2025-07-12 05:30:28,0,node_disk_flush_requests_total,nbd10,172.18.0.2:9100,prometheus.scrape.annotated_pods
2025-07-12 05:31:28,0,node_disk_flush_requests_total,nbd10,172.18.0.2:9100,prometheus.scrape.annotated_pods
2025-07-12 05:32:28,0,node_disk_flush_requests_total,nbd10,172.18.0.2:9100,prometheus.scrape.annotated_pods
2025-07-12 05:33:28,0,node_disk_flush_requests_total,nbd10,172.18.0.2:9100,prometheus.scrape.annotated_pods
2025-07-12 05:34:28,0,node_disk_flush_requests_total,nbd10,172.18.0.2:9100,prometheus.scrape.annotated_pods
2025-07-12 05:35:28,0,node_disk_flush_requests_total,nbd10,172.18.0.2:9100,prometheus.scrape.annotated_pods
2025-07-12 05:36:28,0,node_disk_flush_requests_total,nbd10,172.18.0.2:9100,prometheus.scrape.annotated_pods
2025-07-12 05:37:28,0,node_disk_flush_requests_total,nbd10,172.18.0.2:9100,prometheus.scrape.annotated_pods
2025-07-12 05:38:28,0,node_disk_flush_requests_total,nbd10,172.18.0.2:9100,prometheus.scrape.annotated_pods
2025-07-12 05:39:28,0,node_disk_flush_requests_total,nbd10,172.18.0.2:9100,prometheus.scrape.annotated_pods
2025-07-12 05:40:28,0,node_disk_flush_requests_total,nbd10,172.18.0.2:9100,prometheus.scrape.annotated_pods
2025-07-12 05:41:28,0,node_disk_flush_requests_total,nbd10,172.18.0.2:9100,prometheus.scrape.annotated_pods
2025-07-12 05:42:28,0,node_disk_flush_requests_total,nbd10,172.18.0.2:9100,prometheus.scrape.annotated_pods
2025-07-12 05:43:28,0,node_disk_flush_requests_total,nbd10,172.18.0.2:9100,prometheus.scrape.annotated_pods
2025-07-12 05:44:28,0,node_disk_flush_requests_total,nbd10,172.18.0.2:9100,prometheus.scrape.annotated_pods
2025-07-12 05:45:28,0,node_disk_flush_requests_total,nbd10,172.18.0.2:9100,prometheus.scrape.annotated_pods
2025-07-12 05:46:28,0,node_disk_flush_requests_total,nbd10,172.18.0.2:9100,prometheus.scrape.annotated_pods
2025-07-12 05:47:28,0,node_disk_flush_requests_total,nbd10,172.18.0.2:9100,prometheus.scrape.annotated_pods
2025-07-12 05:48:28,0,node_disk_flush_requests_total,nbd10,172.18.0.2:9100,prometheus.scrape.annotated_pods
2025-07-12 05:49:28,0,node_disk_flush_requests_total,nbd10,172.18.0.2:9100,prometheus.scrape.annotated_pods
2025-07-12 05:50:28,0,node_disk_flush_requests_total,nbd10,172.18.0.2:9100,prometheus.scrape.annotated_pods
2025-07-12 05:51:28,0,node_disk_flush_requests_total,nbd10,172.18.0.2:9100,prometheus.scrape.annotated_pods
2025-07-12 05:52:28,0,node_disk_flush_requests_total,nbd10,172.18.0.2:9100,prometheus.scrape.annotated_pods
2025-07-12 05:53:28,0,node_disk_flush_requests_total,nbd10,172.18.0.2:9100,prometheus.scrape.annotated_pods
2025-07-12 05:54:28,0,node_disk_flush_requests_total,nbd10,172.18.0.2:9100,prometheus.scrape.annotated_pods
2025-07-12 05:55:28,0,node_disk_flush_requests_total,nbd10,172.18.0.2:9100,prometheus.scrape.annotated_pods
2025-07-12 05:56:28,0,node_disk_flush_requests_total,nbd10,172.18.0.2:9100,prometheus.scrape.annotated_pods
2025-07-12 05:57:28,0,node_disk_flush_requests_total,nbd10,172.18.0.2:9100,prometheus.scrape.annotated_pods
2025-07-12 05:58:28,0,node_disk_flush_requests_total,nbd10,172.18.0.2:9100,prometheus.scrape.annotated_pods
2025-07-12 05:59:28,0,node_disk_flush_requests_total,nbd10,172.18.0.2:9100,prometheus.scrape.annotated_pods
2025-07-12 06:00:28,0,node_disk_flush_requests_total,nbd10,172.18.0.2:9100,prometheus.scrape.annotated_pods
2025-07-12 06:01:28,0,node_disk_flush_requests_total,nbd10,172.18.0.2:9100,prometheus.scrape.annotated_pods
2025-07-12 06:02:28,0,node_disk_flush_requests_total,nbd10,172.18.0.2:9100,prometheus.scrape.annotated_pods
2025-07-12 06:03:28,0,node_disk_flush_requests_total,nbd10,172.18.0.2:9100,prometheus.scrape.annotated_pods
2025-07-12 06:04:28,0,node_disk_flush_requests_total,nbd10,172.18.0.2:9100,prometheus.scrape.annotated_pods
2025-07-12 06:05:28,0,node_disk_flush_requests_total,nbd10,172.18.0.2:9100,prometheus.scrape.annotated_pods
2025-07-12 06:06:28,0,node_disk_flush_requests_total,nbd10,172.18.0.2:9100,prometheus.scrape.annotated_pods
2025-07-12 06:07:28,0,node_disk_flush_requests_total,nbd10,172.18.0.2:9100,prometheus.scrape.annotated_pods
2025-07-12 06:08:28,0,node_disk_flush_requests_total,nbd10,172.18.0.2:9100,prometheus.scrape.annotated_pods
2025-07-12 06:09:28,0,node_disk_flush_requests_total,nbd10,172.18.0.2:9100,prometheus.scrape.annotated_pods
2025-07-12 06:10:28,0,node_disk_flush_requests_total,nbd10,172.18.0.2:9100,prometheus.scrape.annotated_pods
2025-07-12 06:11:28,0,node_disk_flush_requests_total,nbd10,172.18.0.2:9100,prometheus.scrape.annotated_pods
2025-07-12 06:12:28,0,node_disk_flush_requests_total,nbd10,172.18.0.2:9100,prometheus.scrape.annotated_pods
2025-07-12 06:13:28,0,node_disk_flush_requests_total,nbd10,172.18.0.2:9100,prometheus.scrape.annotated_pods
2025-07-12 05:29:28,0,node_disk_flush_requests_total,nbd10,172.18.0.3:9100,prometheus.scrape.annotated_pods
2025-07-12 05:30:28,0,node_disk_flush_requests_total,nbd10,172.18.0.3:9100,prometheus.scrape.annotated_pods
2025-07-12 05:31:28,0,node_disk_flush_requests_total,nbd10,172.18.0.3:9100,prometheus.scrape.annotated_pods
2025-07-12 05:32:28,0,node_disk_flush_requests_total,nbd10,172.18.0.3:9100,prometheus.scrape.annotated_pods
2025-07-12 05:33:28,0,node_disk_flush_requests_total,nbd10,172.18.0.3:9100,prometheus.scrape.annotated_pods
2025-07-12 05:34:28,0,node_disk_flush_requests_total,nbd10,172.18.0.3:9100,prometheus.scrape.annotated_pods
2025-07-12 05:35:28,0,node_disk_flush_requests_total,nbd10,172.18.0.3:9100,prometheus.scrape.annotated_pods
2025-07-12 05:36:28,0,node_disk_flush_requests_total,nbd10,172.18.0.3:9100,prometheus.scrape.annotated_pods
2025-07-12 05:37:28,0,node_disk_flush_requests_total,nbd10,172.18.0.3:9100,prometheus.scrape.annotated_pods
2025-07-12 05:38:28,0,node_disk_flush_requests_total,nbd10,172.18.0.3:9100,prometheus.scrape.annotated_pods
2025-07-12 05:39:28,0,node_disk_flush_requests_total,nbd10,172.18.0.3:9100,prometheus.scrape.annotated_pods
2025-07-12 05:40:28,0,node_disk_flush_requests_total,nbd10,172.18.0.3:9100,prometheus.scrape.annotated_pods
2025-07-12 05:41:28,0,node_disk_flush_requests_total,nbd10,172.18.0.3:9100,prometheus.scrape.annotated_pods
2025-07-12 05:42:28,0,node_disk_flush_requests_total,nbd10,172.18.0.3:9100,prometheus.scrape.annotated_pods
2025-07-12 05:43:28,0,node_disk_flush_requests_total,nbd10,172.18.0.3:9100,prometheus.scrape.annotated_pods
2025-07-12 05:44:28,0,node_disk_flush_requests_total,nbd10,172.18.0.3:9100,prometheus.scrape.annotated_pods
2025-07-12 05:45:28,0,node_disk_flush_requests_total,nbd10,172.18.0.3:9100,prometheus.scrape.annotated_pods
2025-07-12 05:46:28,0,node_disk_flush_requests_total,nbd10,172.18.0.3:9100,prometheus.scrape.annotated_pods
2025-07-12 05:47:28,0,node_disk_flush_requests_total,nbd10,172.18.0.3:9100,prometheus.scrape.annotated_pods
2025-07-12 05:48:28,0,node_disk_flush_requests_total,nbd10,172.18.0.3:9100,prometheus.scrape.annotated_pods
2025-07-12 05:49:28,0,node_disk_flush_requests_total,nbd10,172.18.0.3:9100,prometheus.scrape.annotated_pods
2025-07-12 05:50:28,0,node_disk_flush_requests_total,nbd10,172.18.0.3:9100,prometheus.scrape.annotated_pods
2025-07-12 05:51:28,0,node_disk_flush_requests_total,nbd10,172.18.0.3:9100,prometheus.scrape.annotated_pods
2025-07-12 05:52:28,0,node_disk_flush_requests_total,nbd10,172.18.0.3:9100,prometheus.scrape.annotated_pods
2025-07-12 05:53:28,0,node_disk_flush_requests_total,nbd10,172.18.0.3:9100,prometheus.scrape.annotated_pods
2025-07-12 05:54:28,0,node_disk_flush_requests_total,nbd10,172.18.0.3:9100,prometheus.scrape.annotated_pods
2025-07-12 05:55:28,0,node_disk_flush_requests_total,nbd10,172.18.0.3:9100,prometheus.scrape.annotated_pods
2025-07-12 05:56:28,0,node_disk_flush_requests_total,nbd10,172.18.0.3:9100,prometheus.scrape.annotated_pods
2025-07-12 05:57:28,0,node_disk_flush_requests_total,nbd10,172.18.0.3:9100,prometheus.scrape.annotated_pods
2025-07-12 05:58:28,0,node_disk_flush_requests_total,nbd10,172.18.0.3:9100,prometheus.scrape.annotated_pods
2025-07-12 05:59:28,0,node_disk_flush_requests_total,nbd10,172.18.0.3:9100,prometheus.scrape.annotated_pods
2025-07-12 06:00:28,0,node_disk_flush_requests_total,nbd10,172.18.0.3:9100,prometheus.scrape.annotated_pods
2025-07-12 06:01:28,0,node_disk_flush_requests_total,nbd10,172.18.0.3:9100,prometheus.scrape.annotated_pods
2025-07-12 06:02:28,0,node_disk_flush_requests_total,nbd10,172.18.0.3:9100,prometheus.scrape.annotated_pods
2025-07-12 06:03:28,0,node_disk_flush_requests_total,nbd10,172.18.0.3:9100,prometheus.scrape.annotated_pods
2025-07-12 06:04:28,0,node_disk_flush_requests_total,nbd10,172.18.0.3:9100,prometheus.scrape.annotated_pods
2025-07-12 06:05:28,0,node_disk_flush_requests_total,nbd10,172.18.0.3:9100,prometheus.scrape.annotated_pods
2025-07-12 06:06:28,0,node_disk_flush_requests_total,nbd10,172.18.0.3:9100,prometheus.scrape.annotated_pods
2025-07-12 06:07:28,0,node_disk_flush_requests_total,nbd10,172.18.0.3:9100,prometheus.scrape.annotated_pods
2025-07-12 06:08:28,0,node_disk_flush_requests_total,nbd10,172.18.0.3:9100,prometheus.scrape.annotated_pods
2025-07-12 06:09:28,0,node_disk_flush_requests_total,nbd10,172.18.0.3:9100,prometheus.scrape.annotated_pods
2025-07-12 06:10:28,0,node_disk_flush_requests_total,nbd10,172.18.0.3:9100,prometheus.scrape.annotated_pods
2025-07-12 06:11:28,0,node_disk_flush_requests_total,nbd10,172.18.0.3:9100,prometheus.scrape.annotated_pods
2025-07-12 06:12:28,0,node_disk_flush_requests_total,nbd10,172.18.0.3:9100,prometheus.scrape.annotated_pods
2025-07-12 06:13:28,0,node_disk_flush_requests_total,nbd10,172.18.0.3:9100,prometheus.scrape.annotated_pods
2025-07-12 05:29:28,0,node_disk_flush_requests_total,nbd10,172.18.0.4:9100,prometheus.scrape.annotated_pods
2025-07-12 05:30:28,0,node_disk_flush_requests_total,nbd10,172.18.0.4:9100,prometheus.scrape.annotated_pods
2025-07-12 05:31:28,0,node_disk_flush_requests_total,nbd10,172.18.0.4:9100,prometheus.scrape.annotated_pods
2025-07-12 05:32:28,0,node_disk_flush_requests_total,nbd10,172.18.0.4:9100,prometheus.scrape.annotated_pods
2025-07-12 05:33:28,0,node_disk_flush_requests_total,nbd10,172.18.0.4:9100,prometheus.scrape.annotated_pods
2025-07-12 05:34:28,0,node_disk_flush_requests_total,nbd10,172.18.0.4:9100,prometheus.scrape.annotated_pods
2025-07-12 05:35:28,0,node_disk_flush_requests_total,nbd10,172.18.0.4:9100,prometheus.scrape.annotated_pods
2025-07-12 05:36:28,0,node_disk_flush_requests_total,nbd10,172.18.0.4:9100,prometheus.scrape.annotated_pods
2025-07-12 05:37:28,0,node_disk_flush_requests_total,nbd10,172.18.0.4:9100,prometheus.scrape.annotated_pods
2025-07-12 05:38:28,0,node_disk_flush_requests_total,nbd10,172.18.0.4:9100,prometheus.scrape.annotated_pods
2025-07-12 05:39:28,0,node_disk_flush_requests_total,nbd10,172.18.0.4:9100,prometheus.scrape.annotated_pods
2025-07-12 05:40:28,0,node_disk_flush_requests_total,nbd10,172.18.0.4:9100,prometheus.scrape.annotated_pods
2025-07-12 05:41:28,0,node_disk_flush_requests_total,nbd10,172.18.0.4:9100,prometheus.scrape.annotated_pods
2025-07-12 05:42:28,0,node_disk_flush_requests_total,nbd10,172.18.0.4:9100,prometheus.scrape.annotated_pods
2025-07-12 05:43:28,0,node_disk_flush_requests_total,nbd10,172.18.0.4:9100,prometheus.scrape.annotated_pods
2025-07-12 05:44:28,0,node_disk_flush_requests_total,nbd10,172.18.0.4:9100,prometheus.scrape.annotated_pods
2025-07-12 05:45:28,0,node_disk_flush_requests_total,nbd10,172.18.0.4:9100,prometheus.scrape.annotated_pods
2025-07-12 05:46:28,0,node_disk_flush_requests_total,nbd10,172.18.0.4:9100,prometheus.scrape.annotated_pods
2025-07-12 05:47:28,0,node_disk_flush_requests_total,nbd10,172.18.0.4:9100,prometheus.scrape.annotated_pods
2025-07-12 05:48:28,0,node_disk_flush_requests_total,nbd10,172.18.0.4:9100,prometheus.scrape.annotated_pods
2025-07-12 05:49:28,0,node_disk_flush_requests_total,nbd10,172.18.0.4:9100,prometheus.scrape.annotated_pods
2025-07-12 05:50:28,0,node_disk_flush_requests_total,nbd10,172.18.0.4:9100,prometheus.scrape.annotated_pods
2025-07-12 05:51:28,0,node_disk_flush_requests_total,nbd10,172.18.0.4:9100,prometheus.scrape.annotated_pods
2025-07-12 05:52:28,0,node_disk_flush_requests_total,nbd10,172.18.0.4:9100,prometheus.scrape.annotated_pods
2025-07-12 05:53:28,0,node_disk_flush_requests_total,nbd10,172.18.0.4:9100,prometheus.scrape.annotated_pods
2025-07-12 05:54:28,0,node_disk_flush_requests_total,nbd10,172.18.0.4:9100,prometheus.scrape.annotated_pods
2025-07-12 05:55:28,0,node_disk_flush_requests_total,nbd10,172.18.0.4:9100,prometheus.scrape.annotated_pods
2025-07-12 05:56:28,0,node_disk_flush_requests_total,nbd10,172.18.0.4:9100,prometheus.scrape.annotated_pods
2025-07-12 05:57:28,0,node_disk_flush_requests_total,nbd10,172.18.0.4:9100,prometheus.scrape.annotated_pods
2025-07-12 05:58:28,0,node_disk_flush_requests_total,nbd10,172.18.0.4:9100,prometheus.scrape.annotated_pods
2025-07-12 05:59:28,0,node_disk_flush_requests_total,nbd10,172.18.0.4:9100,prometheus.scrape.annotated_pods
2025-07-12 06:00:28,0,node_disk_flush_requests_total,nbd10,172.18.0.4:9100,prometheus.scrape.annotated_pods
2025-07-12 06:01:28,0,node_disk_flush_requests_total,nbd10,172.18.0.4:9100,prometheus.scrape.annotated_pods
2025-07-12 06:02:28,0,node_disk_flush_requests_total,nbd10,172.18.0.4:9100,prometheus.scrape.annotated_pods
2025-07-12 06:03:28,0,node_disk_flush_requests_total,nbd10,172.18.0.4:9100,prometheus.scrape.annotated_pods
2025-07-12 06:04:28,0,node_disk_flush_requests_total,nbd10,172.18.0.4:9100,prometheus.scrape.annotated_pods
2025-07-12 06:05:28,0,node_disk_flush_requests_total,nbd10,172.18.0.4:9100,prometheus.scrape.annotated_pods
2025-07-12 06:06:28,0,node_disk_flush_requests_total,nbd10,172.18.0.4:9100,prometheus.scrape.annotated_pods
2025-07-12 06:07:28,0,node_disk_flush_requests_total,nbd10,172.18.0.4:9100,prometheus.scrape.annotated_pods
2025-07-12 06:08:28,0,node_disk_flush_requests_total,nbd10,172.18.0.4:9100,prometheus.scrape.annotated_pods
2025-07-12 06:09:28,0,node_disk_flush_requests_total,nbd10,172.18.0.4:9100,prometheus.scrape.annotated_pods
2025-07-12 06:10:28,0,node_disk_flush_requests_total,nbd10,172.18.0.4:9100,prometheus.scrape.annotated_pods
2025-07-12 06:11:28,0,node_disk_flush_requests_total,nbd10,172.18.0.4:9100,prometheus.scrape.annotated_pods
2025-07-12 06:12:28,0,node_disk_flush_requests_total,nbd10,172.18.0.4:9100,prometheus.scrape.annotated_pods
2025-07-12 06:13:28,0,node_disk_flush_requests_total,nbd10,172.18.0.4:9100,prometheus.scrape.annotated_pods
2025-07-12 05:30:28,0,node_disk_flush_requests_total,nbd10,node-exporter.nimbusguard.svc:9100,prometheus.scrape.node_exporter
2025-07-12 05:31:28,0,node_disk_flush_requests_total,nbd10,node-exporter.nimbusguard.svc:9100,prometheus.scrape.node_exporter
2025-07-12 05:32:28,0,node_disk_flush_requests_total,nbd10,node-exporter.nimbusguard.svc:9100,prometheus.scrape.node_exporter
2025-07-12 05:33:28,0,node_disk_flush_requests_total,nbd10,node-exporter.nimbusguard.svc:9100,prometheus.scrape.node_exporter
2025-07-12 05:34:28,0,node_disk_flush_requests_total,nbd10,node-exporter.nimbusguard.svc:9100,prometheus.scrape.node_exporter
2025-07-12 05:35:28,0,node_disk_flush_requests_total,nbd10,node-exporter.nimbusguard.svc:9100,prometheus.scrape.node_exporter
2025-07-12 05:36:28,0,node_disk_flush_requests_total,nbd10,node-exporter.nimbusguard.svc:9100,prometheus.scrape.node_exporter
2025-07-12 05:37:28,0,node_disk_flush_requests_total,nbd10,node-exporter.nimbusguard.svc:9100,prometheus.scrape.node_exporter
2025-07-12 05:38:28,0,node_disk_flush_requests_total,nbd10,node-exporter.nimbusguard.svc:9100,prometheus.scrape.node_exporter
2025-07-12 05:39:28,0,node_disk_flush_requests_total,nbd10,node-exporter.nimbusguard.svc:9100,prometheus.scrape.node_exporter
2025-07-12 05:40:28,0,node_disk_flush_requests_total,nbd10,node-exporter.nimbusguard.svc:9100,prometheus.scrape.node_exporter
2025-07-12 05:41:28,0,node_disk_flush_requests_total,nbd10,node-exporter.nimbusguard.svc:9100,prometheus.scrape.node_exporter
2025-07-12 05:42:28,0,node_disk_flush_requests_total,nbd10,node-exporter.nimbusguard.svc:9100,prometheus.scrape.node_exporter
2025-07-12 05:43:28,0,node_disk_flush_requests_total,nbd10,node-exporter.nimbusguard.svc:9100,prometheus.scrape.node_exporter
2025-07-12 05:44:28,0,node_disk_flush_requests_total,nbd10,node-exporter.nimbusguard.svc:9100,prometheus.scrape.node_exporter
2025-07-12 05:45:28,0,node_disk_flush_requests_total,nbd10,node-exporter.nimbusguard.svc:9100,prometheus.scrape.node_exporter
2025-07-12 05:46:28,0,node_disk_flush_requests_total,nbd10,node-exporter.nimbusguard.svc:9100,prometheus.scrape.node_exporter
2025-07-12 05:47:28,0,node_disk_flush_requests_total,nbd10,node-exporter.nimbusguard.svc:9100,prometheus.scrape.node_exporter
2025-07-12 05:48:28,0,node_disk_flush_requests_total,nbd10,node-exporter.nimbusguard.svc:9100,prometheus.scrape.node_exporter
2025-07-12 05:49:28,0,node_disk_flush_requests_total,nbd10,node-exporter.nimbusguard.svc:9100,prometheus.scrape.node_exporter
2025-07-12 05:50:28,0,node_disk_flush_requests_total,nbd10,node-exporter.nimbusguard.svc:9100,prometheus.scrape.node_exporter
2025-07-12 05:51:28,0,node_disk_flush_requests_total,nbd10,node-exporter.nimbusguard.svc:9100,prometheus.scrape.node_exporter
2025-07-12 05:52:28,0,node_disk_flush_requests_total,nbd10,node-exporter.nimbusguard.svc:9100,prometheus.scrape.node_exporter
2025-07-12 05:53:28,0,node_disk_flush_requests_total,nbd10,node-exporter.nimbusguard.svc:9100,prometheus.scrape.node_exporter
2025-07-12 05:54:28,0,node_disk_flush_requests_total,nbd10,node-exporter.nimbusguard.svc:9100,prometheus.scrape.node_exporter
2025-07-12 05:55:28,0,node_disk_flush_requests_total,nbd10,node-exporter.nimbusguard.svc:9100,prometheus.scrape.node_exporter
2025-07-12 05:56:28,0,node_disk_flush_requests_total,nbd10,node-exporter.nimbusguard.svc:9100,prometheus.scrape.node_exporter
2025-07-12 05:57:28,0,node_disk_flush_requests_total,nbd10,node-exporter.nimbusguard.svc:9100,prometheus.scrape.node_exporter
2025-07-12 05:58:28,0,node_disk_flush_requests_total,nbd10,node-exporter.nimbusguard.svc:9100,prometheus.scrape.node_exporter
2025-07-12 05:59:28,0,node_disk_flush_requests_total,nbd10,node-exporter.nimbusguard.svc:9100,prometheus.scrape.node_exporter
2025-07-12 06:00:28,0,node_disk_flush_requests_total,nbd10,node-exporter.nimbusguard.svc:9100,prometheus.scrape.node_exporter
2025-07-12 06:01:28,0,node_disk_flush_requests_total,nbd10,node-exporter.nimbusguard.svc:9100,prometheus.scrape.node_exporter
2025-07-12 06:02:28,0,node_disk_flush_requests_total,nbd10,node-exporter.nimbusguard.svc:9100,prometheus.scrape.node_exporter
2025-07-12 06:03:28,0,node_disk_flush_requests_total,nbd10,node-exporter.nimbusguard.svc:9100,prometheus.scrape.node_exporter
2025-07-12 06:04:28,0,node_disk_flush_requests_total,nbd10,node-exporter.nimbusguard.svc:9100,prometheus.scrape.node_exporter
2025-07-12 06:05:28,0,node_disk_flush_requests_total,nbd10,node-exporter.nimbusguard.svc:9100,prometheus.scrape.node_exporter
2025-07-12 06:06:28,0,node_disk_flush_requests_total,nbd10,node-exporter.nimbusguard.svc:9100,prometheus.scrape.node_exporter
2025-07-12 06:07:28,0,node_disk_flush_requests_total,nbd10,node-exporter.nimbusguard.svc:9100,prometheus.scrape.node_exporter
2025-07-12 06:08:28,0,node_disk_flush_requests_total,nbd10,node-exporter.nimbusguard.svc:9100,prometheus.scrape.node_exporter
2025-07-12 06:09:28,0,node_disk_flush_requests_total,nbd10,node-exporter.nimbusguard.svc:9100,prometheus.scrape.node_exporter
2025-07-12 06:10:28,0,node_disk_flush_requests_total,nbd10,node-exporter.nimbusguard.svc:9100,prometheus.scrape.node_exporter
2025-07-12 06:11:28,0,node_disk_flush_requests_total,nbd10,node-exporter.nimbusguard.svc:9100,prometheus.scrape.node_exporter
2025-07-12 06:12:28,0,node_disk_flush_requests_total,nbd10,node-exporter.nimbusguard.svc:9100,prometheus.scrape.node_exporter
2025-07-12 06:13:28,0,node_disk_flush_requests_total,nbd10,node-exporter.nimbusguard.svc:9100,prometheus.scrape.node_exporter
2025-07-12 05:30:28,0,node_disk_flush_requests_total,nbd11,172.18.0.2:9100,prometheus.scrape.annotated_pods
2025-07-12 05:31:28,0,node_disk_flush_requests_total,nbd11,172.18.0.2:9100,prometheus.scrape.annotated_pods
2025-07-12 05:32:28,0,node_disk_flush_requests_total,nbd11,172.18.0.2:9100,prometheus.scrape.annotated_pods
2025-07-12 05:33:28,0,node_disk_flush_requests_total,nbd11,172.18.0.2:9100,prometheus.scrape.annotated_pods
2025-07-12 05:34:28,0,node_disk_flush_requests_total,nbd11,172.18.0.2:9100,prometheus.scrape.annotated_pods
2025-07-12 05:35:28,0,node_disk_flush_requests_total,nbd11,172.18.0.2:9100,prometheus.scrape.annotated_pods
2025-07-12 05:36:28,0,node_disk_flush_requests_total,nbd11,172.18.0.2:9100,prometheus.scrape.annotated_pods
2025-07-12 05:37:28,0,node_disk_flush_requests_total,nbd11,172.18.0.2:9100,prometheus.scrape.annotated_pods
2025-07-12 05:38:28,0,node_disk_flush_requests_total,nbd11,172.18.0.2:9100,prometheus.scrape.annotated_pods
2025-07-12 05:39:28,0,node_disk_flush_requests_total,nbd11,172.18.0.2:9100,prometheus.scrape.annotated_pods
2025-07-12 05:40:28,0,node_disk_flush_requests_total,nbd11,172.18.0.2:9100,prometheus.scrape.annotated_pods
2025-07-12 05:41:28,0,node_disk_flush_requests_total,nbd11,172.18.0.2:9100,prometheus.scrape.annotated_pods
2025-07-12 05:42:28,0,node_disk_flush_requests_total,nbd11,172.18.0.2:9100,prometheus.scrape.annotated_pods
2025-07-12 05:43:28,0,node_disk_flush_requests_total,nbd11,172.18.0.2:9100,prometheus.scrape.annotated_pods
2025-07-12 05:44:28,0,node_disk_flush_requests_total,nbd11,172.18.0.2:9100,prometheus.scrape.annotated_pods
2025-07-12 05:45:28,0,node_disk_flush_requests_total,nbd11,172.18.0.2:9100,prometheus.scrape.annotated_pods
2025-07-12 05:46:28,0,node_disk_flush_requests_total,nbd11,172.18.0.2:9100,prometheus.scrape.annotated_pods
2025-07-12 05:47:28,0,node_disk_flush_requests_total,nbd11,172.18.0.2:9100,prometheus.scrape.annotated_pods
2025-07-12 05:48:28,0,node_disk_flush_requests_total,nbd11,172.18.0.2:9100,prometheus.scrape.annotated_pods
2025-07-12 05:49:28,0,node_disk_flush_requests_total,nbd11,172.18.0.2:9100,prometheus.scrape.annotated_pods
2025-07-12 05:50:28,0,node_disk_flush_requests_total,nbd11,172.18.0.2:9100,prometheus.scrape.annotated_pods
2025-07-12 05:51:28,0,node_disk_flush_requests_total,nbd11,172.18.0.2:9100,prometheus.scrape.annotated_pods
2025-07-12 05:52:28,0,node_disk_flush_requests_total,nbd11,172.18.0.2:9100,prometheus.scrape.annotated_pods
2025-07-12 05:53:28,0,node_disk_flush_requests_total,nbd11,172.18.0.2:9100,prometheus.scrape.annotated_pods
2025-07-12 05:54:28,0,node_disk_flush_requests_total,nbd11,172.18.0.2:9100,prometheus.scrape.annotated_pods
2025-07-12 05:55:28,0,node_disk_flush_requests_total,nbd11,172.18.0.2:9100,prometheus.scrape.annotated_pods
2025-07-12 05:56:28,0,node_disk_flush_requests_total,nbd11,172.18.0.2:9100,prometheus.scrape.annotated_pods
2025-07-12 05:57:28,0,node_disk_flush_requests_total,nbd11,172.18.0.2:9100,prometheus.scrape.annotated_pods
2025-07-12 05:58:28,0,node_disk_flush_requests_total,nbd11,172.18.0.2:9100,prometheus.scrape.annotated_pods
2025-07-12 05:59:28,0,node_disk_flush_requests_total,nbd11,172.18.0.2:9100,prometheus.scrape.annotated_pods
2025-07-12 06:00:28,0,node_disk_flush_requests_total,nbd11,172.18.0.2:9100,prometheus.scrape.annotated_pods
2025-07-12 06:01:28,0,node_disk_flush_requests_total,nbd11,172.18.0.2:9100,prometheus.scrape.annotated_pods
2025-07-12 06:02:28,0,node_disk_flush_requests_total,nbd11,172.18.0.2:9100,prometheus.scrape.annotated_pods
2025-07-12 06:03:28,0,node_disk_flush_requests_total,nbd11,172.18.0.2:9100,prometheus.scrape.annotated_pods
2025-07-12 06:04:28,0,node_disk_flush_requests_total,nbd11,172.18.0.2:9100,prometheus.scrape.annotated_pods
2025-07-12 06:05:28,0,node_disk_flush_requests_total,nbd11,172.18.0.2:9100,prometheus.scrape.annotated_pods
2025-07-12 06:06:28,0,node_disk_flush_requests_total,nbd11,172.18.0.2:9100,prometheus.scrape.annotated_pods
2025-07-12 06:07:28,0,node_disk_flush_requests_total,nbd11,172.18.0.2:9100,prometheus.scrape.annotated_pods
2025-07-12 06:08:28,0,node_disk_flush_requests_total,nbd11,172.18.0.2:9100,prometheus.scrape.annotated_pods
2025-07-12 06:09:28,0,node_disk_flush_requests_total,nbd11,172.18.0.2:9100,prometheus.scrape.annotated_pods
2025-07-12 06:10:28,0,node_disk_flush_requests_total,nbd11,172.18.0.2:9100,prometheus.scrape.annotated_pods
2025-07-12 06:11:28,0,node_disk_flush_requests_total,nbd11,172.18.0.2:9100,prometheus.scrape.annotated_pods
2025-07-12 06:12:28,0,node_disk_flush_requests_total,nbd11,172.18.0.2:9100,prometheus.scrape.annotated_pods
2025-07-12 06:13:28,0,node_disk_flush_requests_total,nbd11,172.18.0.2:9100,prometheus.scrape.annotated_pods
2025-07-12 05:29:28,0,node_disk_flush_requests_total,nbd11,172.18.0.3:9100,prometheus.scrape.annotated_pods
2025-07-12 05:30:28,0,node_disk_flush_requests_total,nbd11,172.18.0.3:9100,prometheus.scrape.annotated_pods
2025-07-12 05:31:28,0,node_disk_flush_requests_total,nbd11,172.18.0.3:9100,prometheus.scrape.annotated_pods
2025-07-12 05:32:28,0,node_disk_flush_requests_total,nbd11,172.18.0.3:9100,prometheus.scrape.annotated_pods
2025-07-12 05:33:28,0,node_disk_flush_requests_total,nbd11,172.18.0.3:9100,prometheus.scrape.annotated_pods
2025-07-12 05:34:28,0,node_disk_flush_requests_total,nbd11,172.18.0.3:9100,prometheus.scrape.annotated_pods
2025-07-12 05:35:28,0,node_disk_flush_requests_total,nbd11,172.18.0.3:9100,prometheus.scrape.annotated_pods
2025-07-12 05:36:28,0,node_disk_flush_requests_total,nbd11,172.18.0.3:9100,prometheus.scrape.annotated_pods
2025-07-12 05:37:28,0,node_disk_flush_requests_total,nbd11,172.18.0.3:9100,prometheus.scrape.annotated_pods
2025-07-12 05:38:28,0,node_disk_flush_requests_total,nbd11,172.18.0.3:9100,prometheus.scrape.annotated_pods
2025-07-12 05:39:28,0,node_disk_flush_requests_total,nbd11,172.18.0.3:9100,prometheus.scrape.annotated_pods
2025-07-12 05:40:28,0,node_disk_flush_requests_total,nbd11,172.18.0.3:9100,prometheus.scrape.annotated_pods
2025-07-12 05:41:28,0,node_disk_flush_requests_total,nbd11,172.18.0.3:9100,prometheus.scrape.annotated_pods
2025-07-12 05:42:28,0,node_disk_flush_requests_total,nbd11,172.18.0.3:9100,prometheus.scrape.annotated_pods
2025-07-12 05:43:28,0,node_disk_flush_requests_total,nbd11,172.18.0.3:9100,prometheus.scrape.annotated_pods
2025-07-12 05:44:28,0,node_disk_flush_requests_total,nbd11,172.18.0.3:9100,prometheus.scrape.annotated_pods
2025-07-12 05:45:28,0,node_disk_flush_requests_total,nbd11,172.18.0.3:9100,prometheus.scrape.annotated_pods
2025-07-12 05:46:28,0,node_disk_flush_requests_total,nbd11,172.18.0.3:9100,prometheus.scrape.annotated_pods
2025-07-12 05:47:28,0,node_disk_flush_requests_total,nbd11,172.18.0.3:9100,prometheus.scrape.annotated_pods
2025-07-12 05:48:28,0,node_disk_flush_requests_total,nbd11,172.18.0.3:9100,prometheus.scrape.annotated_pods
2025-07-12 05:49:28,0,node_disk_flush_requests_total,nbd11,172.18.0.3:9100,prometheus.scrape.annotated_pods
2025-07-12 05:50:28,0,node_disk_flush_requests_total,nbd11,172.18.0.3:9100,prometheus.scrape.annotated_pods
2025-07-12 05:51:28,0,node_disk_flush_requests_total,nbd11,172.18.0.3:9100,prometheus.scrape.annotated_pods
2025-07-12 05:52:28,0,node_disk_flush_requests_total,nbd11,172.18.0.3:9100,prometheus.scrape.annotated_pods
2025-07-12 05:53:28,0,node_disk_flush_requests_total,nbd11,172.18.0.3:9100,prometheus.scrape.annotated_pods
2025-07-12 05:54:28,0,node_disk_flush_requests_total,nbd11,172.18.0.3:9100,prometheus.scrape.annotated_pods
2025-07-12 05:55:28,0,node_disk_flush_requests_total,nbd11,172.18.0.3:9100,prometheus.scrape.annotated_pods
2025-07-12 05:56:28,0,node_disk_flush_requests_total,nbd11,172.18.0.3:9100,prometheus.scrape.annotated_pods
2025-07-12 05:57:28,0,node_disk_flush_requests_total,nbd11,172.18.0.3:9100,prometheus.scrape.annotated_pods
2025-07-12 05:58:28,0,node_disk_flush_requests_total,nbd11,172.18.0.3:9100,prometheus.scrape.annotated_pods
2025-07-12 05:59:28,0,node_disk_flush_requests_total,nbd11,172.18.0.3:9100,prometheus.scrape.annotated_pods
2025-07-12 06:00:28,0,node_disk_flush_requests_total,nbd11,172.18.0.3:9100,prometheus.scrape.annotated_pods
2025-07-12 06:01:28,0,node_disk_flush_requests_total,nbd11,172.18.0.3:9100,prometheus.scrape.annotated_pods
2025-07-12 06:02:28,0,node_disk_flush_requests_total,nbd11,172.18.0.3:9100,prometheus.scrape.annotated_pods
2025-07-12 06:03:28,0,node_disk_flush_requests_total,nbd11,172.18.0.3:9100,prometheus.scrape.annotated_pods
2025-07-12 06:04:28,0,node_disk_flush_requests_total,nbd11,172.18.0.3:9100,prometheus.scrape.annotated_pods
2025-07-12 06:05:28,0,node_disk_flush_requests_total,nbd11,172.18.0.3:9100,prometheus.scrape.annotated_pods
2025-07-12 06:06:28,0,node_disk_flush_requests_total,nbd11,172.18.0.3:9100,prometheus.scrape.annotated_pods
2025-07-12 06:07:28,0,node_disk_flush_requests_total,nbd11,172.18.0.3:9100,prometheus.scrape.annotated_pods
2025-07-12 06:08:28,0,node_disk_flush_requests_total,nbd11,172.18.0.3:9100,prometheus.scrape.annotated_pods
2025-07-12 06:09:28,0,node_disk_flush_requests_total,nbd11,172.18.0.3:9100,prometheus.scrape.annotated_pods
2025-07-12 06:10:28,0,node_disk_flush_requests_total,nbd11,172.18.0.3:9100,prometheus.scrape.annotated_pods
2025-07-12 06:11:28,0,node_disk_flush_requests_total,nbd11,172.18.0.3:9100,prometheus.scrape.annotated_pods
2025-07-12 06:12:28,0,node_disk_flush_requests_total,nbd11,172.18.0.3:9100,prometheus.scrape.annotated_pods
2025-07-12 06:13:28,0,node_disk_flush_requests_total,nbd11,172.18.0.3:9100,prometheus.scrape.annotated_pods
2025-07-12 05:29:28,0,node_disk_flush_requests_total,nbd11,172.18.0.4:9100,prometheus.scrape.annotated_pods
2025-07-12 05:30:28,0,node_disk_flush_requests_total,nbd11,172.18.0.4:9100,prometheus.scrape.annotated_pods
2025-07-12 05:31:28,0,node_disk_flush_requests_total,nbd11,172.18.0.4:9100,prometheus.scrape.annotated_pods
2025-07-12 05:32:28,0,node_disk_flush_requests_total,nbd11,172.18.0.4:9100,prometheus.scrape.annotated_pods
2025-07-12 05:33:28,0,node_disk_flush_requests_total,nbd11,172.18.0.4:9100,prometheus.scrape.annotated_pods
2025-07-12 05:34:28,0,node_disk_flush_requests_total,nbd11,172.18.0.4:9100,prometheus.scrape.annotated_pods
2025-07-12 05:35:28,0,node_disk_flush_requests_total,nbd11,172.18.0.4:9100,prometheus.scrape.annotated_pods
2025-07-12 05:36:28,0,node_disk_flush_requests_total,nbd11,172.18.0.4:9100,prometheus.scrape.annotated_pods
2025-07-12 05:37:28,0,node_disk_flush_requests_total,nbd11,172.18.0.4:9100,prometheus.scrape.annotated_pods
2025-07-12 05:38:28,0,node_disk_flush_requests_total,nbd11,172.18.0.4:9100,prometheus.scrape.annotated_pods
2025-07-12 05:39:28,0,node_disk_flush_requests_total,nbd11,172.18.0.4:9100,prometheus.scrape.annotated_pods
2025-07-12 05:40:28,0,node_disk_flush_requests_total,nbd11,172.18.0.4:9100,prometheus.scrape.annotated_pods
2025-07-12 05:41:28,0,node_disk_flush_requests_total,nbd11,172.18.0.4:9100,prometheus.scrape.annotated_pods
2025-07-12 05:42:28,0,node_disk_flush_requests_total,nbd11,172.18.0.4:9100,prometheus.scrape.annotated_pods
2025-07-12 05:43:28,0,node_disk_flush_requests_total,nbd11,172.18.0.4:9100,prometheus.scrape.annotated_pods
2025-07-12 05:44:28,0,node_disk_flush_requests_total,nbd11,172.18.0.4:9100,prometheus.scrape.annotated_pods
2025-07-12 05:45:28,0,node_disk_flush_requests_total,nbd11,172.18.0.4:9100,prometheus.scrape.annotated_pods
2025-07-12 05:46:28,0,node_disk_flush_requests_total,nbd11,172.18.0.4:9100,prometheus.scrape.annotated_pods
2025-07-12 05:47:28,0,node_disk_flush_requests_total,nbd11,172.18.0.4:9100,prometheus.scrape.annotated_pods
2025-07-12 05:48:28,0,node_disk_flush_requests_total,nbd11,172.18.0.4:9100,prometheus.scrape.annotated_pods
2025-07-12 05:49:28,0,node_disk_flush_requests_total,nbd11,172.18.0.4:9100,prometheus.scrape.annotated_pods
2025-07-12 05:50:28,0,node_disk_flush_requests_total,nbd11,172.18.0.4:9100,prometheus.scrape.annotated_pods
2025-07-12 05:51:28,0,node_disk_flush_requests_total,nbd11,172.18.0.4:9100,prometheus.scrape.annotated_pods
2025-07-12 05:52:28,0,node_disk_flush_requests_total,nbd11,172.18.0.4:9100,prometheus.scrape.annotated_pods
2025-07-12 05:53:28,0,node_disk_flush_requests_total,nbd11,172.18.0.4:9100,prometheus.scrape.annotated_pods
2025-07-12 05:54:28,0,node_disk_flush_requests_total,nbd11,172.18.0.4:9100,prometheus.scrape.annotated_pods
2025-07-12 05:55:28,0,node_disk_flush_requests_total,nbd11,172.18.0.4:9100,prometheus.scrape.annotated_pods
2025-07-12 05:56:28,0,node_disk_flush_requests_total,nbd11,172.18.0.4:9100,prometheus.scrape.annotated_pods
2025-07-12 05:57:28,0,node_disk_flush_requests_total,nbd11,172.18.0.4:9100,prometheus.scrape.annotated_pods
2025-07-12 05:58:28,0,node_disk_flush_requests_total,nbd11,172.18.0.4:9100,prometheus.scrape.annotated_pods
2025-07-12 05:59:28,0,node_disk_flush_requests_total,nbd11,172.18.0.4:9100,prometheus.scrape.annotated_pods
2025-07-12 06:00:28,0,node_disk_flush_requests_total,nbd11,172.18.0.4:9100,prometheus.scrape.annotated_pods
2025-07-12 06:01:28,0,node_disk_flush_requests_total,nbd11,172.18.0.4:9100,prometheus.scrape.annotated_pods
2025-07-12 06:02:28,0,node_disk_flush_requests_total,nbd11,172.18.0.4:9100,prometheus.scrape.annotated_pods
2025-07-12 06:03:28,0,node_disk_flush_requests_total,nbd11,172.18.0.4:9100,prometheus.scrape.annotated_pods
2025-07-12 06:04:28,0,node_disk_flush_requests_total,nbd11,172.18.0.4:9100,prometheus.scrape.annotated_pods
2025-07-12 06:05:28,0,node_disk_flush_requests_total,nbd11,172.18.0.4:9100,prometheus.scrape.annotated_pods
2025-07-12 06:06:28,0,node_disk_flush_requests_total,nbd11,172.18.0.4:9100,prometheus.scrape.annotated_pods
2025-07-12 06:07:28,0,node_disk_flush_requests_total,nbd11,172.18.0.4:9100,prometheus.scrape.annotated_pods
2025-07-12 06:08:28,0,node_disk_flush_requests_total,nbd11,172.18.0.4:9100,prometheus.scrape.annotated_pods
2025-07-12 06:09:28,0,node_disk_flush_requests_total,nbd11,172.18.0.4:9100,prometheus.scrape.annotated_pods
2025-07-12 06:10:28,0,node_disk_flush_requests_total,nbd11,172.18.0.4:9100,prometheus.scrape.annotated_pods
2025-07-12 06:11:28,0,node_disk_flush_requests_total,nbd11,172.18.0.4:9100,prometheus.scrape.annotated_pods
2025-07-12 06:12:28,0,node_disk_flush_requests_total,nbd11,172.18.0.4:9100,prometheus.scrape.annotated_pods
2025-07-12 06:13:28,0,node_disk_flush_requests_total,nbd11,172.18.0.4:9100,prometheus.scrape.annotated_pods
2025-07-12 05:30:28,0,node_disk_flush_requests_total,nbd11,node-exporter.nimbusguard.svc:9100,prometheus.scrape.node_exporter
2025-07-12 05:31:28,0,node_disk_flush_requests_total,nbd11,node-exporter.nimbusguard.svc:9100,prometheus.scrape.node_exporter
2025-07-12 05:32:28,0,node_disk_flush_requests_total,nbd11,node-exporter.nimbusguard.svc:9100,prometheus.scrape.node_exporter
2025-07-12 05:33:28,0,node_disk_flush_requests_total,nbd11,node-exporter.nimbusguard.svc:9100,prometheus.scrape.node_exporter
2025-07-12 05:34:28,0,node_disk_flush_requests_total,nbd11,node-exporter.nimbusguard.svc:9100,prometheus.scrape.node_exporter
2025-07-12 05:35:28,0,node_disk_flush_requests_total,nbd11,node-exporter.nimbusguard.svc:9100,prometheus.scrape.node_exporter
2025-07-12 05:36:28,0,node_disk_flush_requests_total,nbd11,node-exporter.nimbusguard.svc:9100,prometheus.scrape.node_exporter
2025-07-12 05:37:28,0,node_disk_flush_requests_total,nbd11,node-exporter.nimbusguard.svc:9100,prometheus.scrape.node_exporter
2025-07-12 05:38:28,0,node_disk_flush_requests_total,nbd11,node-exporter.nimbusguard.svc:9100,prometheus.scrape.node_exporter
2025-07-12 05:39:28,0,node_disk_flush_requests_total,nbd11,node-exporter.nimbusguard.svc:9100,prometheus.scrape.node_exporter
2025-07-12 05:40:28,0,node_disk_flush_requests_total,nbd11,node-exporter.nimbusguard.svc:9100,prometheus.scrape.node_exporter
2025-07-12 05:41:28,0,node_disk_flush_requests_total,nbd11,node-exporter.nimbusguard.svc:9100,prometheus.scrape.node_exporter
2025-07-12 05:42:28,0,node_disk_flush_requests_total,nbd11,node-exporter.nimbusguard.svc:9100,prometheus.scrape.node_exporter
2025-07-12 05:43:28,0,node_disk_flush_requests_total,nbd11,node-exporter.nimbusguard.svc:9100,prometheus.scrape.node_exporter
2025-07-12 05:44:28,0,node_disk_flush_requests_total,nbd11,node-exporter.nimbusguard.svc:9100,prometheus.scrape.node_exporter
2025-07-12 05:45:28,0,node_disk_flush_requests_total,nbd11,node-exporter.nimbusguard.svc:9100,prometheus.scrape.node_exporter
2025-07-12 05:46:28,0,node_disk_flush_requests_total,nbd11,node-exporter.nimbusguard.svc:9100,prometheus.scrape.node_exporter
2025-07-12 05:47:28,0,node_disk_flush_requests_total,nbd11,node-exporter.nimbusguard.svc:9100,prometheus.scrape.node_exporter
2025-07-12 05:48:28,0,node_disk_flush_requests_total,nbd11,node-exporter.nimbusguard.svc:9100,prometheus.scrape.node_exporter
2025-07-12 05:49:28,0,node_disk_flush_requests_total,nbd11,node-exporter.nimbusguard.svc:9100,prometheus.scrape.node_exporter
2025-07-12 05:50:28,0,node_disk_flush_requests_total,nbd11,node-exporter.nimbusguard.svc:9100,prometheus.scrape.node_exporter
2025-07-12 05:51:28,0,node_disk_flush_requests_total,nbd11,node-exporter.nimbusguard.svc:9100,prometheus.scrape.node_exporter
2025-07-12 05:52:28,0,node_disk_flush_requests_total,nbd11,node-exporter.nimbusguard.svc:9100,prometheus.scrape.node_exporter
2025-07-12 05:53:28,0,node_disk_flush_requests_total,nbd11,node-exporter.nimbusguard.svc:9100,prometheus.scrape.node_exporter
2025-07-12 05:54:28,0,node_disk_flush_requests_total,nbd11,node-exporter.nimbusguard.svc:9100,prometheus.scrape.node_exporter
2025-07-12 05:55:28,0,node_disk_flush_requests_total,nbd11,node-exporter.nimbusguard.svc:9100,prometheus.scrape.node_exporter
2025-07-12 05:56:28,0,node_disk_flush_requests_total,nbd11,node-exporter.nimbusguard.svc:9100,prometheus.scrape.node_exporter
2025-07-12 05:57:28,0,node_disk_flush_requests_total,nbd11,node-exporter.nimbusguard.svc:9100,prometheus.scrape.node_exporter
2025-07-12 05:58:28,0,node_disk_flush_requests_total,nbd11,node-exporter.nimbusguard.svc:9100,prometheus.scrape.node_exporter
2025-07-12 05:59:28,0,node_disk_flush_requests_total,nbd11,node-exporter.nimbusguard.svc:9100,prometheus.scrape.node_exporter
2025-07-12 06:00:28,0,node_disk_flush_requests_total,nbd11,node-exporter.nimbusguard.svc:9100,prometheus.scrape.node_exporter
2025-07-12 06:01:28,0,node_disk_flush_requests_total,nbd11,node-exporter.nimbusguard.svc:9100,prometheus.scrape.node_exporter
2025-07-12 06:02:28,0,node_disk_flush_requests_total,nbd11,node-exporter.nimbusguard.svc:9100,prometheus.scrape.node_exporter
2025-07-12 06:03:28,0,node_disk_flush_requests_total,nbd11,node-exporter.nimbusguard.svc:9100,prometheus.scrape.node_exporter
2025-07-12 06:04:28,0,node_disk_flush_requests_total,nbd11,node-exporter.nimbusguard.svc:9100,prometheus.scrape.node_exporter
2025-07-12 06:05:28,0,node_disk_flush_requests_total,nbd11,node-exporter.nimbusguard.svc:9100,prometheus.scrape.node_exporter
2025-07-12 06:06:28,0,node_disk_flush_requests_total,nbd11,node-exporter.nimbusguard.svc:9100,prometheus.scrape.node_exporter
2025-07-12 06:07:28,0,node_disk_flush_requests_total,nbd11,node-exporter.nimbusguard.svc:9100,prometheus.scrape.node_exporter
2025-07-12 06:08:28,0,node_disk_flush_requests_total,nbd11,node-exporter.nimbusguard.svc:9100,prometheus.scrape.node_exporter
2025-07-12 06:09:28,0,node_disk_flush_requests_total,nbd11,node-exporter.nimbusguard.svc:9100,prometheus.scrape.node_exporter
2025-07-12 06:10:28,0,node_disk_flush_requests_total,nbd11,node-exporter.nimbusguard.svc:9100,prometheus.scrape.node_exporter
2025-07-12 06:11:28,0,node_disk_flush_requests_total,nbd11,node-exporter.nimbusguard.svc:9100,prometheus.scrape.node_exporter
2025-07-12 06:12:28,0,node_disk_flush_requests_total,nbd11,node-exporter.nimbusguard.svc:9100,prometheus.scrape.node_exporter
2025-07-12 06:13:28,0,node_disk_flush_requests_total,nbd11,node-exporter.nimbusguard.svc:9100,prometheus.scrape.node_exporter
2025-07-12 05:30:28,0,node_disk_flush_requests_total,nbd12,172.18.0.2:9100,prometheus.scrape.annotated_pods
2025-07-12 05:31:28,0,node_disk_flush_requests_total,nbd12,172.18.0.2:9100,prometheus.scrape.annotated_pods
2025-07-12 05:32:28,0,node_disk_flush_requests_total,nbd12,172.18.0.2:9100,prometheus.scrape.annotated_pods
2025-07-12 05:33:28,0,node_disk_flush_requests_total,nbd12,172.18.0.2:9100,prometheus.scrape.annotated_pods
2025-07-12 05:34:28,0,node_disk_flush_requests_total,nbd12,172.18.0.2:9100,prometheus.scrape.annotated_pods
2025-07-12 05:35:28,0,node_disk_flush_requests_total,nbd12,172.18.0.2:9100,prometheus.scrape.annotated_pods
2025-07-12 05:36:28,0,node_disk_flush_requests_total,nbd12,172.18.0.2:9100,prometheus.scrape.annotated_pods
2025-07-12 05:37:28,0,node_disk_flush_requests_total,nbd12,172.18.0.2:9100,prometheus.scrape.annotated_pods
2025-07-12 05:38:28,0,node_disk_flush_requests_total,nbd12,172.18.0.2:9100,prometheus.scrape.annotated_pods
2025-07-12 05:39:28,0,node_disk_flush_requests_total,nbd12,172.18.0.2:9100,prometheus.scrape.annotated_pods
2025-07-12 05:40:28,0,node_disk_flush_requests_total,nbd12,172.18.0.2:9100,prometheus.scrape.annotated_pods
2025-07-12 05:41:28,0,node_disk_flush_requests_total,nbd12,172.18.0.2:9100,prometheus.scrape.annotated_pods
2025-07-12 05:42:28,0,node_disk_flush_requests_total,nbd12,172.18.0.2:9100,prometheus.scrape.annotated_pods
2025-07-12 05:43:28,0,node_disk_flush_requests_total,nbd12,172.18.0.2:9100,prometheus.scrape.annotated_pods
2025-07-12 05:44:28,0,node_disk_flush_requests_total,nbd12,172.18.0.2:9100,prometheus.scrape.annotated_pods
2025-07-12 05:45:28,0,node_disk_flush_requests_total,nbd12,172.18.0.2:9100,prometheus.scrape.annotated_pods
2025-07-12 05:46:28,0,node_disk_flush_requests_total,nbd12,172.18.0.2:9100,prometheus.scrape.annotated_pods
2025-07-12 05:47:28,0,node_disk_flush_requests_total,nbd12,172.18.0.2:9100,prometheus.scrape.annotated_pods
2025-07-12 05:48:28,0,node_disk_flush_requests_total,nbd12,172.18.0.2:9100,prometheus.scrape.annotated_pods
2025-07-12 05:49:28,0,node_disk_flush_requests_total,nbd12,172.18.0.2:9100,prometheus.scrape.annotated_pods
2025-07-12 05:50:28,0,node_disk_flush_requests_total,nbd12,172.18.0.2:9100,prometheus.scrape.annotated_pods
2025-07-12 05:51:28,0,node_disk_flush_requests_total,nbd12,172.18.0.2:9100,prometheus.scrape.annotated_pods
2025-07-12 05:52:28,0,node_disk_flush_requests_total,nbd12,172.18.0.2:9100,prometheus.scrape.annotated_pods
2025-07-12 05:53:28,0,node_disk_flush_requests_total,nbd12,172.18.0.2:9100,prometheus.scrape.annotated_pods
2025-07-12 05:54:28,0,node_disk_flush_requests_total,nbd12,172.18.0.2:9100,prometheus.scrape.annotated_pods
2025-07-12 05:55:28,0,node_disk_flush_requests_total,nbd12,172.18.0.2:9100,prometheus.scrape.annotated_pods
2025-07-12 05:56:28,0,node_disk_flush_requests_total,nbd12,172.18.0.2:9100,prometheus.scrape.annotated_pods
2025-07-12 05:57:28,0,node_disk_flush_requests_total,nbd12,172.18.0.2:9100,prometheus.scrape.annotated_pods
2025-07-12 05:58:28,0,node_disk_flush_requests_total,nbd12,172.18.0.2:9100,prometheus.scrape.annotated_pods
2025-07-12 05:59:28,0,node_disk_flush_requests_total,nbd12,172.18.0.2:9100,prometheus.scrape.annotated_pods
2025-07-12 06:00:28,0,node_disk_flush_requests_total,nbd12,172.18.0.2:9100,prometheus.scrape.annotated_pods
2025-07-12 06:01:28,0,node_disk_flush_requests_total,nbd12,172.18.0.2:9100,prometheus.scrape.annotated_pods
2025-07-12 06:02:28,0,node_disk_flush_requests_total,nbd12,172.18.0.2:9100,prometheus.scrape.annotated_pods
2025-07-12 06:03:28,0,node_disk_flush_requests_total,nbd12,172.18.0.2:9100,prometheus.scrape.annotated_pods
2025-07-12 06:04:28,0,node_disk_flush_requests_total,nbd12,172.18.0.2:9100,prometheus.scrape.annotated_pods
2025-07-12 06:05:28,0,node_disk_flush_requests_total,nbd12,172.18.0.2:9100,prometheus.scrape.annotated_pods
2025-07-12 06:06:28,0,node_disk_flush_requests_total,nbd12,172.18.0.2:9100,prometheus.scrape.annotated_pods
2025-07-12 06:07:28,0,node_disk_flush_requests_total,nbd12,172.18.0.2:9100,prometheus.scrape.annotated_pods
2025-07-12 06:08:28,0,node_disk_flush_requests_total,nbd12,172.18.0.2:9100,prometheus.scrape.annotated_pods
2025-07-12 06:09:28,0,node_disk_flush_requests_total,nbd12,172.18.0.2:9100,prometheus.scrape.annotated_pods
2025-07-12 06:10:28,0,node_disk_flush_requests_total,nbd12,172.18.0.2:9100,prometheus.scrape.annotated_pods
2025-07-12 06:11:28,0,node_disk_flush_requests_total,nbd12,172.18.0.2:9100,prometheus.scrape.annotated_pods
2025-07-12 06:12:28,0,node_disk_flush_requests_total,nbd12,172.18.0.2:9100,prometheus.scrape.annotated_pods
2025-07-12 06:13:28,0,node_disk_flush_requests_total,nbd12,172.18.0.2:9100,prometheus.scrape.annotated_pods
2025-07-12 05:29:28,0,node_disk_flush_requests_total,nbd12,172.18.0.3:9100,prometheus.scrape.annotated_pods
2025-07-12 05:30:28,0,node_disk_flush_requests_total,nbd12,172.18.0.3:9100,prometheus.scrape.annotated_pods
2025-07-12 05:31:28,0,node_disk_flush_requests_total,nbd12,172.18.0.3:9100,prometheus.scrape.annotated_pods
2025-07-12 05:32:28,0,node_disk_flush_requests_total,nbd12,172.18.0.3:9100,prometheus.scrape.annotated_pods
2025-07-12 05:33:28,0,node_disk_flush_requests_total,nbd12,172.18.0.3:9100,prometheus.scrape.annotated_pods
2025-07-12 05:34:28,0,node_disk_flush_requests_total,nbd12,172.18.0.3:9100,prometheus.scrape.annotated_pods
2025-07-12 05:35:28,0,node_disk_flush_requests_total,nbd12,172.18.0.3:9100,prometheus.scrape.annotated_pods
2025-07-12 05:36:28,0,node_disk_flush_requests_total,nbd12,172.18.0.3:9100,prometheus.scrape.annotated_pods
2025-07-12 05:37:28,0,node_disk_flush_requests_total,nbd12,172.18.0.3:9100,prometheus.scrape.annotated_pods
2025-07-12 05:38:28,0,node_disk_flush_requests_total,nbd12,172.18.0.3:9100,prometheus.scrape.annotated_pods
2025-07-12 05:39:28,0,node_disk_flush_requests_total,nbd12,172.18.0.3:9100,prometheus.scrape.annotated_pods
2025-07-12 05:40:28,0,node_disk_flush_requests_total,nbd12,172.18.0.3:9100,prometheus.scrape.annotated_pods
2025-07-12 05:41:28,0,node_disk_flush_requests_total,nbd12,172.18.0.3:9100,prometheus.scrape.annotated_pods
2025-07-12 05:42:28,0,node_disk_flush_requests_total,nbd12,172.18.0.3:9100,prometheus.scrape.annotated_pods
2025-07-12 05:43:28,0,node_disk_flush_requests_total,nbd12,172.18.0.3:9100,prometheus.scrape.annotated_pods
2025-07-12 05:44:28,0,node_disk_flush_requests_total,nbd12,172.18.0.3:9100,prometheus.scrape.annotated_pods
2025-07-12 05:45:28,0,node_disk_flush_requests_total,nbd12,172.18.0.3:9100,prometheus.scrape.annotated_pods
2025-07-12 05:46:28,0,node_disk_flush_requests_total,nbd12,172.18.0.3:9100,prometheus.scrape.annotated_pods
2025-07-12 05:47:28,0,node_disk_flush_requests_total,nbd12,172.18.0.3:9100,prometheus.scrape.annotated_pods
2025-07-12 05:48:28,0,node_disk_flush_requests_total,nbd12,172.18.0.3:9100,prometheus.scrape.annotated_pods
2025-07-12 05:49:28,0,node_disk_flush_requests_total,nbd12,172.18.0.3:9100,prometheus.scrape.annotated_pods
2025-07-12 05:50:28,0,node_disk_flush_requests_total,nbd12,172.18.0.3:9100,prometheus.scrape.annotated_pods
2025-07-12 05:51:28,0,node_disk_flush_requests_total,nbd12,172.18.0.3:9100,prometheus.scrape.annotated_pods
2025-07-12 05:52:28,0,node_disk_flush_requests_total,nbd12,172.18.0.3:9100,prometheus.scrape.annotated_pods
2025-07-12 05:53:28,0,node_disk_flush_requests_total,nbd12,172.18.0.3:9100,prometheus.scrape.annotated_pods
2025-07-12 05:54:28,0,node_disk_flush_requests_total,nbd12,172.18.0.3:9100,prometheus.scrape.annotated_pods
2025-07-12 05:55:28,0,node_disk_flush_requests_total,nbd12,172.18.0.3:9100,prometheus.scrape.annotated_pods
2025-07-12 05:56:28,0,node_disk_flush_requests_total,nbd12,172.18.0.3:9100,prometheus.scrape.annotated_pods
2025-07-12 05:57:28,0,node_disk_flush_requests_total,nbd12,172.18.0.3:9100,prometheus.scrape.annotated_pods
2025-07-12 05:58:28,0,node_disk_flush_requests_total,nbd12,172.18.0.3:9100,prometheus.scrape.annotated_pods
2025-07-12 05:59:28,0,node_disk_flush_requests_total,nbd12,172.18.0.3:9100,prometheus.scrape.annotated_pods
2025-07-12 06:00:28,0,node_disk_flush_requests_total,nbd12,172.18.0.3:9100,prometheus.scrape.annotated_pods
2025-07-12 06:01:28,0,node_disk_flush_requests_total,nbd12,172.18.0.3:9100,prometheus.scrape.annotated_pods
2025-07-12 06:02:28,0,node_disk_flush_requests_total,nbd12,172.18.0.3:9100,prometheus.scrape.annotated_pods
2025-07-12 06:03:28,0,node_disk_flush_requests_total,nbd12,172.18.0.3:9100,prometheus.scrape.annotated_pods
2025-07-12 06:04:28,0,node_disk_flush_requests_total,nbd12,172.18.0.3:9100,prometheus.scrape.annotated_pods
2025-07-12 06:05:28,0,node_disk_flush_requests_total,nbd12,172.18.0.3:9100,prometheus.scrape.annotated_pods
2025-07-12 06:06:28,0,node_disk_flush_requests_total,nbd12,172.18.0.3:9100,prometheus.scrape.annotated_pods
2025-07-12 06:07:28,0,node_disk_flush_requests_total,nbd12,172.18.0.3:9100,prometheus.scrape.annotated_pods
2025-07-12 06:08:28,0,node_disk_flush_requests_total,nbd12,172.18.0.3:9100,prometheus.scrape.annotated_pods
2025-07-12 06:09:28,0,node_disk_flush_requests_total,nbd12,172.18.0.3:9100,prometheus.scrape.annotated_pods
2025-07-12 06:10:28,0,node_disk_flush_requests_total,nbd12,172.18.0.3:9100,prometheus.scrape.annotated_pods
2025-07-12 06:11:28,0,node_disk_flush_requests_total,nbd12,172.18.0.3:9100,prometheus.scrape.annotated_pods
2025-07-12 06:12:28,0,node_disk_flush_requests_total,nbd12,172.18.0.3:9100,prometheus.scrape.annotated_pods
2025-07-12 06:13:28,0,node_disk_flush_requests_total,nbd12,172.18.0.3:9100,prometheus.scrape.annotated_pods
2025-07-12 05:29:28,0,node_disk_flush_requests_total,nbd12,172.18.0.4:9100,prometheus.scrape.annotated_pods
2025-07-12 05:30:28,0,node_disk_flush_requests_total,nbd12,172.18.0.4:9100,prometheus.scrape.annotated_pods
2025-07-12 05:31:28,0,node_disk_flush_requests_total,nbd12,172.18.0.4:9100,prometheus.scrape.annotated_pods
2025-07-12 05:32:28,0,node_disk_flush_requests_total,nbd12,172.18.0.4:9100,prometheus.scrape.annotated_pods
2025-07-12 05:33:28,0,node_disk_flush_requests_total,nbd12,172.18.0.4:9100,prometheus.scrape.annotated_pods
2025-07-12 05:34:28,0,node_disk_flush_requests_total,nbd12,172.18.0.4:9100,prometheus.scrape.annotated_pods
2025-07-12 05:35:28,0,node_disk_flush_requests_total,nbd12,172.18.0.4:9100,prometheus.scrape.annotated_pods
2025-07-12 05:36:28,0,node_disk_flush_requests_total,nbd12,172.18.0.4:9100,prometheus.scrape.annotated_pods
2025-07-12 05:37:28,0,node_disk_flush_requests_total,nbd12,172.18.0.4:9100,prometheus.scrape.annotated_pods
2025-07-12 05:38:28,0,node_disk_flush_requests_total,nbd12,172.18.0.4:9100,prometheus.scrape.annotated_pods
2025-07-12 05:39:28,0,node_disk_flush_requests_total,nbd12,172.18.0.4:9100,prometheus.scrape.annotated_pods
2025-07-12 05:40:28,0,node_disk_flush_requests_total,nbd12,172.18.0.4:9100,prometheus.scrape.annotated_pods
2025-07-12 05:41:28,0,node_disk_flush_requests_total,nbd12,172.18.0.4:9100,prometheus.scrape.annotated_pods
2025-07-12 05:42:28,0,node_disk_flush_requests_total,nbd12,172.18.0.4:9100,prometheus.scrape.annotated_pods
2025-07-12 05:43:28,0,node_disk_flush_requests_total,nbd12,172.18.0.4:9100,prometheus.scrape.annotated_pods
2025-07-12 05:44:28,0,node_disk_flush_requests_total,nbd12,172.18.0.4:9100,prometheus.scrape.annotated_pods
2025-07-12 05:45:28,0,node_disk_flush_requests_total,nbd12,172.18.0.4:9100,prometheus.scrape.annotated_pods
2025-07-12 05:46:28,0,node_disk_flush_requests_total,nbd12,172.18.0.4:9100,prometheus.scrape.annotated_pods
2025-07-12 05:47:28,0,node_disk_flush_requests_total,nbd12,172.18.0.4:9100,prometheus.scrape.annotated_pods
2025-07-12 05:48:28,0,node_disk_flush_requests_total,nbd12,172.18.0.4:9100,prometheus.scrape.annotated_pods
2025-07-12 05:49:28,0,node_disk_flush_requests_total,nbd12,172.18.0.4:9100,prometheus.scrape.annotated_pods
2025-07-12 05:50:28,0,node_disk_flush_requests_total,nbd12,172.18.0.4:9100,prometheus.scrape.annotated_pods
2025-07-12 05:51:28,0,node_disk_flush_requests_total,nbd12,172.18.0.4:9100,prometheus.scrape.annotated_pods
2025-07-12 05:52:28,0,node_disk_flush_requests_total,nbd12,172.18.0.4:9100,prometheus.scrape.annotated_pods
2025-07-12 05:53:28,0,node_disk_flush_requests_total,nbd12,172.18.0.4:9100,prometheus.scrape.annotated_pods
2025-07-12 05:54:28,0,node_disk_flush_requests_total,nbd12,172.18.0.4:9100,prometheus.scrape.annotated_pods
2025-07-12 05:55:28,0,node_disk_flush_requests_total,nbd12,172.18.0.4:9100,prometheus.scrape.annotated_pods
2025-07-12 05:56:28,0,node_disk_flush_requests_total,nbd12,172.18.0.4:9100,prometheus.scrape.annotated_pods
2025-07-12 05:57:28,0,node_disk_flush_requests_total,nbd12,172.18.0.4:9100,prometheus.scrape.annotated_pods
2025-07-12 05:58:28,0,node_disk_flush_requests_total,nbd12,172.18.0.4:9100,prometheus.scrape.annotated_pods
2025-07-12 05:59:28,0,node_disk_flush_requests_total,nbd12,172.18.0.4:9100,prometheus.scrape.annotated_pods
2025-07-12 06:00:28,0,node_disk_flush_requests_total,nbd12,172.18.0.4:9100,prometheus.scrape.annotated_pods
2025-07-12 06:01:28,0,node_disk_flush_requests_total,nbd12,172.18.0.4:9100,prometheus.scrape.annotated_pods
2025-07-12 06:02:28,0,node_disk_flush_requests_total,nbd12,172.18.0.4:9100,prometheus.scrape.annotated_pods
2025-07-12 06:03:28,0,node_disk_flush_requests_total,nbd12,172.18.0.4:9100,prometheus.scrape.annotated_pods
2025-07-12 06:04:28,0,node_disk_flush_requests_total,nbd12,172.18.0.4:9100,prometheus.scrape.annotated_pods
2025-07-12 06:05:28,0,node_disk_flush_requests_total,nbd12,172.18.0.4:9100,prometheus.scrape.annotated_pods
2025-07-12 06:06:28,0,node_disk_flush_requests_total,nbd12,172.18.0.4:9100,prometheus.scrape.annotated_pods
2025-07-12 06:07:28,0,node_disk_flush_requests_total,nbd12,172.18.0.4:9100,prometheus.scrape.annotated_pods
2025-07-12 06:08:28,0,node_disk_flush_requests_total,nbd12,172.18.0.4:9100,prometheus.scrape.annotated_pods
2025-07-12 06:09:28,0,node_disk_flush_requests_total,nbd12,172.18.0.4:9100,prometheus.scrape.annotated_pods
2025-07-12 06:10:28,0,node_disk_flush_requests_total,nbd12,172.18.0.4:9100,prometheus.scrape.annotated_pods
2025-07-12 06:11:28,0,node_disk_flush_requests_total,nbd12,172.18.0.4:9100,prometheus.scrape.annotated_pods
2025-07-12 06:12:28,0,node_disk_flush_requests_total,nbd12,172.18.0.4:9100,prometheus.scrape.annotated_pods
2025-07-12 06:13:28,0,node_disk_flush_requests_total,nbd12,172.18.0.4:9100,prometheus.scrape.annotated_pods
2025-07-12 05:30:28,0,node_disk_flush_requests_total,nbd12,node-exporter.nimbusguard.svc:9100,prometheus.scrape.node_exporter
2025-07-12 05:31:28,0,node_disk_flush_requests_total,nbd12,node-exporter.nimbusguard.svc:9100,prometheus.scrape.node_exporter
2025-07-12 05:32:28,0,node_disk_flush_requests_total,nbd12,node-exporter.nimbusguard.svc:9100,prometheus.scrape.node_exporter
2025-07-12 05:33:28,0,node_disk_flush_requests_total,nbd12,node-exporter.nimbusguard.svc:9100,prometheus.scrape.node_exporter
2025-07-12 05:34:28,0,node_disk_flush_requests_total,nbd12,node-exporter.nimbusguard.svc:9100,prometheus.scrape.node_exporter
2025-07-12 05:35:28,0,node_disk_flush_requests_total,nbd12,node-exporter.nimbusguard.svc:9100,prometheus.scrape.node_exporter
2025-07-12 05:36:28,0,node_disk_flush_requests_total,nbd12,node-exporter.nimbusguard.svc:9100,prometheus.scrape.node_exporter
2025-07-12 05:37:28,0,node_disk_flush_requests_total,nbd12,node-exporter.nimbusguard.svc:9100,prometheus.scrape.node_exporter
2025-07-12 05:38:28,0,node_disk_flush_requests_total,nbd12,node-exporter.nimbusguard.svc:9100,prometheus.scrape.node_exporter
2025-07-12 05:39:28,0,node_disk_flush_requests_total,nbd12,node-exporter.nimbusguard.svc:9100,prometheus.scrape.node_exporter
2025-07-12 05:40:28,0,node_disk_flush_requests_total,nbd12,node-exporter.nimbusguard.svc:9100,prometheus.scrape.node_exporter
2025-07-12 05:41:28,0,node_disk_flush_requests_total,nbd12,node-exporter.nimbusguard.svc:9100,prometheus.scrape.node_exporter
2025-07-12 05:42:28,0,node_disk_flush_requests_total,nbd12,node-exporter.nimbusguard.svc:9100,prometheus.scrape.node_exporter
2025-07-12 05:43:28,0,node_disk_flush_requests_total,nbd12,node-exporter.nimbusguard.svc:9100,prometheus.scrape.node_exporter
2025-07-12 05:44:28,0,node_disk_flush_requests_total,nbd12,node-exporter.nimbusguard.svc:9100,prometheus.scrape.node_exporter
2025-07-12 05:45:28,0,node_disk_flush_requests_total,nbd12,node-exporter.nimbusguard.svc:9100,prometheus.scrape.node_exporter
2025-07-12 05:46:28,0,node_disk_flush_requests_total,nbd12,node-exporter.nimbusguard.svc:9100,prometheus.scrape.node_exporter
2025-07-12 05:47:28,0,node_disk_flush_requests_total,nbd12,node-exporter.nimbusguard.svc:9100,prometheus.scrape.node_exporter
2025-07-12 05:48:28,0,node_disk_flush_requests_total,nbd12,node-exporter.nimbusguard.svc:9100,prometheus.scrape.node_exporter
2025-07-12 05:49:28,0,node_disk_flush_requests_total,nbd12,node-exporter.nimbusguard.svc:9100,prometheus.scrape.node_exporter
2025-07-12 05:50:28,0,node_disk_flush_requests_total,nbd12,node-exporter.nimbusguard.svc:9100,prometheus.scrape.node_exporter
2025-07-12 05:51:28,0,node_disk_flush_requests_total,nbd12,node-exporter.nimbusguard.svc:9100,prometheus.scrape.node_exporter
2025-07-12 05:52:28,0,node_disk_flush_requests_total,nbd12,node-exporter.nimbusguard.svc:9100,prometheus.scrape.node_exporter
2025-07-12 05:53:28,0,node_disk_flush_requests_total,nbd12,node-exporter.nimbusguard.svc:9100,prometheus.scrape.node_exporter
2025-07-12 05:54:28,0,node_disk_flush_requests_total,nbd12,node-exporter.nimbusguard.svc:9100,prometheus.scrape.node_exporter
2025-07-12 05:55:28,0,node_disk_flush_requests_total,nbd12,node-exporter.nimbusguard.svc:9100,prometheus.scrape.node_exporter
2025-07-12 05:56:28,0,node_disk_flush_requests_total,nbd12,node-exporter.nimbusguard.svc:9100,prometheus.scrape.node_exporter
2025-07-12 05:57:28,0,node_disk_flush_requests_total,nbd12,node-exporter.nimbusguard.svc:9100,prometheus.scrape.node_exporter
2025-07-12 05:58:28,0,node_disk_flush_requests_total,nbd12,node-exporter.nimbusguard.svc:9100,prometheus.scrape.node_exporter
2025-07-12 05:59:28,0,node_disk_flush_requests_total,nbd12,node-exporter.nimbusguard.svc:9100,prometheus.scrape.node_exporter
2025-07-12 06:00:28,0,node_disk_flush_requests_total,nbd12,node-exporter.nimbusguard.svc:9100,prometheus.scrape.node_exporter
2025-07-12 06:01:28,0,node_disk_flush_requests_total,nbd12,node-exporter.nimbusguard.svc:9100,prometheus.scrape.node_exporter
2025-07-12 06:02:28,0,node_disk_flush_requests_total,nbd12,node-exporter.nimbusguard.svc:9100,prometheus.scrape.node_exporter
2025-07-12 06:03:28,0,node_disk_flush_requests_total,nbd12,node-exporter.nimbusguard.svc:9100,prometheus.scrape.node_exporter
2025-07-12 06:04:28,0,node_disk_flush_requests_total,nbd12,node-exporter.nimbusguard.svc:9100,prometheus.scrape.node_exporter
2025-07-12 06:05:28,0,node_disk_flush_requests_total,nbd12,node-exporter.nimbusguard.svc:9100,prometheus.scrape.node_exporter
2025-07-12 06:06:28,0,node_disk_flush_requests_total,nbd12,node-exporter.nimbusguard.svc:9100,prometheus.scrape.node_exporter
2025-07-12 06:07:28,0,node_disk_flush_requests_total,nbd12,node-exporter.nimbusguard.svc:9100,prometheus.scrape.node_exporter
2025-07-12 06:08:28,0,node_disk_flush_requests_total,nbd12,node-exporter.nimbusguard.svc:9100,prometheus.scrape.node_exporter
2025-07-12 06:09:28,0,node_disk_flush_requests_total,nbd12,node-exporter.nimbusguard.svc:9100,prometheus.scrape.node_exporter
2025-07-12 06:10:28,0,node_disk_flush_requests_total,nbd12,node-exporter.nimbusguard.svc:9100,prometheus.scrape.node_exporter
2025-07-12 06:11:28,0,node_disk_flush_requests_total,nbd12,node-exporter.nimbusguard.svc:9100,prometheus.scrape.node_exporter
2025-07-12 06:12:28,0,node_disk_flush_requests_total,nbd12,node-exporter.nimbusguard.svc:9100,prometheus.scrape.node_exporter
2025-07-12 06:13:28,0,node_disk_flush_requests_total,nbd12,node-exporter.nimbusguard.svc:9100,prometheus.scrape.node_exporter
2025-07-12 05:30:28,0,node_disk_flush_requests_total,nbd13,172.18.0.2:9100,prometheus.scrape.annotated_pods
2025-07-12 05:31:28,0,node_disk_flush_requests_total,nbd13,172.18.0.2:9100,prometheus.scrape.annotated_pods
2025-07-12 05:32:28,0,node_disk_flush_requests_total,nbd13,172.18.0.2:9100,prometheus.scrape.annotated_pods
2025-07-12 05:33:28,0,node_disk_flush_requests_total,nbd13,172.18.0.2:9100,prometheus.scrape.annotated_pods
2025-07-12 05:34:28,0,node_disk_flush_requests_total,nbd13,172.18.0.2:9100,prometheus.scrape.annotated_pods
2025-07-12 05:35:28,0,node_disk_flush_requests_total,nbd13,172.18.0.2:9100,prometheus.scrape.annotated_pods
2025-07-12 05:36:28,0,node_disk_flush_requests_total,nbd13,172.18.0.2:9100,prometheus.scrape.annotated_pods
2025-07-12 05:37:28,0,node_disk_flush_requests_total,nbd13,172.18.0.2:9100,prometheus.scrape.annotated_pods
2025-07-12 05:38:28,0,node_disk_flush_requests_total,nbd13,172.18.0.2:9100,prometheus.scrape.annotated_pods
2025-07-12 05:39:28,0,node_disk_flush_requests_total,nbd13,172.18.0.2:9100,prometheus.scrape.annotated_pods
2025-07-12 05:40:28,0,node_disk_flush_requests_total,nbd13,172.18.0.2:9100,prometheus.scrape.annotated_pods
2025-07-12 05:41:28,0,node_disk_flush_requests_total,nbd13,172.18.0.2:9100,prometheus.scrape.annotated_pods
2025-07-12 05:42:28,0,node_disk_flush_requests_total,nbd13,172.18.0.2:9100,prometheus.scrape.annotated_pods
2025-07-12 05:43:28,0,node_disk_flush_requests_total,nbd13,172.18.0.2:9100,prometheus.scrape.annotated_pods
2025-07-12 05:44:28,0,node_disk_flush_requests_total,nbd13,172.18.0.2:9100,prometheus.scrape.annotated_pods
2025-07-12 05:45:28,0,node_disk_flush_requests_total,nbd13,172.18.0.2:9100,prometheus.scrape.annotated_pods
2025-07-12 05:46:28,0,node_disk_flush_requests_total,nbd13,172.18.0.2:9100,prometheus.scrape.annotated_pods
2025-07-12 05:47:28,0,node_disk_flush_requests_total,nbd13,172.18.0.2:9100,prometheus.scrape.annotated_pods
2025-07-12 05:48:28,0,node_disk_flush_requests_total,nbd13,172.18.0.2:9100,prometheus.scrape.annotated_pods
2025-07-12 05:49:28,0,node_disk_flush_requests_total,nbd13,172.18.0.2:9100,prometheus.scrape.annotated_pods
2025-07-12 05:50:28,0,node_disk_flush_requests_total,nbd13,172.18.0.2:9100,prometheus.scrape.annotated_pods
2025-07-12 05:51:28,0,node_disk_flush_requests_total,nbd13,172.18.0.2:9100,prometheus.scrape.annotated_pods
2025-07-12 05:52:28,0,node_disk_flush_requests_total,nbd13,172.18.0.2:9100,prometheus.scrape.annotated_pods
2025-07-12 05:53:28,0,node_disk_flush_requests_total,nbd13,172.18.0.2:9100,prometheus.scrape.annotated_pods
2025-07-12 05:54:28,0,node_disk_flush_requests_total,nbd13,172.18.0.2:9100,prometheus.scrape.annotated_pods
2025-07-12 05:55:28,0,node_disk_flush_requests_total,nbd13,172.18.0.2:9100,prometheus.scrape.annotated_pods
2025-07-12 05:56:28,0,node_disk_flush_requests_total,nbd13,172.18.0.2:9100,prometheus.scrape.annotated_pods
2025-07-12 05:57:28,0,node_disk_flush_requests_total,nbd13,172.18.0.2:9100,prometheus.scrape.annotated_pods
2025-07-12 05:58:28,0,node_disk_flush_requests_total,nbd13,172.18.0.2:9100,prometheus.scrape.annotated_pods
2025-07-12 05:59:28,0,node_disk_flush_requests_total,nbd13,172.18.0.2:9100,prometheus.scrape.annotated_pods
2025-07-12 06:00:28,0,node_disk_flush_requests_total,nbd13,172.18.0.2:9100,prometheus.scrape.annotated_pods
2025-07-12 06:01:28,0,node_disk_flush_requests_total,nbd13,172.18.0.2:9100,prometheus.scrape.annotated_pods
2025-07-12 06:02:28,0,node_disk_flush_requests_total,nbd13,172.18.0.2:9100,prometheus.scrape.annotated_pods
2025-07-12 06:03:28,0,node_disk_flush_requests_total,nbd13,172.18.0.2:9100,prometheus.scrape.annotated_pods
2025-07-12 06:04:28,0,node_disk_flush_requests_total,nbd13,172.18.0.2:9100,prometheus.scrape.annotated_pods
2025-07-12 06:05:28,0,node_disk_flush_requests_total,nbd13,172.18.0.2:9100,prometheus.scrape.annotated_pods
2025-07-12 06:06:28,0,node_disk_flush_requests_total,nbd13,172.18.0.2:9100,prometheus.scrape.annotated_pods
2025-07-12 06:07:28,0,node_disk_flush_requests_total,nbd13,172.18.0.2:9100,prometheus.scrape.annotated_pods
2025-07-12 06:08:28,0,node_disk_flush_requests_total,nbd13,172.18.0.2:9100,prometheus.scrape.annotated_pods
2025-07-12 06:09:28,0,node_disk_flush_requests_total,nbd13,172.18.0.2:9100,prometheus.scrape.annotated_pods
2025-07-12 06:10:28,0,node_disk_flush_requests_total,nbd13,172.18.0.2:9100,prometheus.scrape.annotated_pods
2025-07-12 06:11:28,0,node_disk_flush_requests_total,nbd13,172.18.0.2:9100,prometheus.scrape.annotated_pods
2025-07-12 06:12:28,0,node_disk_flush_requests_total,nbd13,172.18.0.2:9100,prometheus.scrape.annotated_pods
2025-07-12 06:13:28,0,node_disk_flush_requests_total,nbd13,172.18.0.2:9100,prometheus.scrape.annotated_pods
2025-07-12 05:29:28,0,node_disk_flush_requests_total,nbd13,172.18.0.3:9100,prometheus.scrape.annotated_pods
2025-07-12 05:30:28,0,node_disk_flush_requests_total,nbd13,172.18.0.3:9100,prometheus.scrape.annotated_pods
2025-07-12 05:31:28,0,node_disk_flush_requests_total,nbd13,172.18.0.3:9100,prometheus.scrape.annotated_pods
2025-07-12 05:32:28,0,node_disk_flush_requests_total,nbd13,172.18.0.3:9100,prometheus.scrape.annotated_pods
2025-07-12 05:33:28,0,node_disk_flush_requests_total,nbd13,172.18.0.3:9100,prometheus.scrape.annotated_pods
2025-07-12 05:34:28,0,node_disk_flush_requests_total,nbd13,172.18.0.3:9100,prometheus.scrape.annotated_pods
2025-07-12 05:35:28,0,node_disk_flush_requests_total,nbd13,172.18.0.3:9100,prometheus.scrape.annotated_pods
2025-07-12 05:36:28,0,node_disk_flush_requests_total,nbd13,172.18.0.3:9100,prometheus.scrape.annotated_pods
2025-07-12 05:37:28,0,node_disk_flush_requests_total,nbd13,172.18.0.3:9100,prometheus.scrape.annotated_pods
2025-07-12 05:38:28,0,node_disk_flush_requests_total,nbd13,172.18.0.3:9100,prometheus.scrape.annotated_pods
2025-07-12 05:39:28,0,node_disk_flush_requests_total,nbd13,172.18.0.3:9100,prometheus.scrape.annotated_pods
2025-07-12 05:40:28,0,node_disk_flush_requests_total,nbd13,172.18.0.3:9100,prometheus.scrape.annotated_pods
2025-07-12 05:41:28,0,node_disk_flush_requests_total,nbd13,172.18.0.3:9100,prometheus.scrape.annotated_pods
2025-07-12 05:42:28,0,node_disk_flush_requests_total,nbd13,172.18.0.3:9100,prometheus.scrape.annotated_pods
2025-07-12 05:43:28,0,node_disk_flush_requests_total,nbd13,172.18.0.3:9100,prometheus.scrape.annotated_pods
2025-07-12 05:44:28,0,node_disk_flush_requests_total,nbd13,172.18.0.3:9100,prometheus.scrape.annotated_pods
2025-07-12 05:45:28,0,node_disk_flush_requests_total,nbd13,172.18.0.3:9100,prometheus.scrape.annotated_pods
2025-07-12 05:46:28,0,node_disk_flush_requests_total,nbd13,172.18.0.3:9100,prometheus.scrape.annotated_pods
2025-07-12 05:47:28,0,node_disk_flush_requests_total,nbd13,172.18.0.3:9100,prometheus.scrape.annotated_pods
2025-07-12 05:48:28,0,node_disk_flush_requests_total,nbd13,172.18.0.3:9100,prometheus.scrape.annotated_pods
2025-07-12 05:49:28,0,node_disk_flush_requests_total,nbd13,172.18.0.3:9100,prometheus.scrape.annotated_pods
2025-07-12 05:50:28,0,node_disk_flush_requests_total,nbd13,172.18.0.3:9100,prometheus.scrape.annotated_pods
2025-07-12 05:51:28,0,node_disk_flush_requests_total,nbd13,172.18.0.3:9100,prometheus.scrape.annotated_pods
2025-07-12 05:52:28,0,node_disk_flush_requests_total,nbd13,172.18.0.3:9100,prometheus.scrape.annotated_pods
2025-07-12 05:53:28,0,node_disk_flush_requests_total,nbd13,172.18.0.3:9100,prometheus.scrape.annotated_pods
2025-07-12 05:54:28,0,node_disk_flush_requests_total,nbd13,172.18.0.3:9100,prometheus.scrape.annotated_pods
2025-07-12 05:55:28,0,node_disk_flush_requests_total,nbd13,172.18.0.3:9100,prometheus.scrape.annotated_pods
2025-07-12 05:56:28,0,node_disk_flush_requests_total,nbd13,172.18.0.3:9100,prometheus.scrape.annotated_pods
2025-07-12 05:57:28,0,node_disk_flush_requests_total,nbd13,172.18.0.3:9100,prometheus.scrape.annotated_pods
2025-07-12 05:58:28,0,node_disk_flush_requests_total,nbd13,172.18.0.3:9100,prometheus.scrape.annotated_pods
2025-07-12 05:59:28,0,node_disk_flush_requests_total,nbd13,172.18.0.3:9100,prometheus.scrape.annotated_pods
2025-07-12 06:00:28,0,node_disk_flush_requests_total,nbd13,172.18.0.3:9100,prometheus.scrape.annotated_pods
2025-07-12 06:01:28,0,node_disk_flush_requests_total,nbd13,172.18.0.3:9100,prometheus.scrape.annotated_pods
2025-07-12 06:02:28,0,node_disk_flush_requests_total,nbd13,172.18.0.3:9100,prometheus.scrape.annotated_pods
2025-07-12 06:03:28,0,node_disk_flush_requests_total,nbd13,172.18.0.3:9100,prometheus.scrape.annotated_pods
2025-07-12 06:04:28,0,node_disk_flush_requests_total,nbd13,172.18.0.3:9100,prometheus.scrape.annotated_pods
2025-07-12 06:05:28,0,node_disk_flush_requests_total,nbd13,172.18.0.3:9100,prometheus.scrape.annotated_pods
2025-07-12 06:06:28,0,node_disk_flush_requests_total,nbd13,172.18.0.3:9100,prometheus.scrape.annotated_pods
2025-07-12 06:07:28,0,node_disk_flush_requests_total,nbd13,172.18.0.3:9100,prometheus.scrape.annotated_pods
2025-07-12 06:08:28,0,node_disk_flush_requests_total,nbd13,172.18.0.3:9100,prometheus.scrape.annotated_pods
2025-07-12 06:09:28,0,node_disk_flush_requests_total,nbd13,172.18.0.3:9100,prometheus.scrape.annotated_pods
2025-07-12 06:10:28,0,node_disk_flush_requests_total,nbd13,172.18.0.3:9100,prometheus.scrape.annotated_pods
2025-07-12 06:11:28,0,node_disk_flush_requests_total,nbd13,172.18.0.3:9100,prometheus.scrape.annotated_pods
2025-07-12 06:12:28,0,node_disk_flush_requests_total,nbd13,172.18.0.3:9100,prometheus.scrape.annotated_pods
2025-07-12 06:13:28,0,node_disk_flush_requests_total,nbd13,172.18.0.3:9100,prometheus.scrape.annotated_pods
2025-07-12 05:29:28,0,node_disk_flush_requests_total,nbd13,172.18.0.4:9100,prometheus.scrape.annotated_pods
2025-07-12 05:30:28,0,node_disk_flush_requests_total,nbd13,172.18.0.4:9100,prometheus.scrape.annotated_pods
2025-07-12 05:31:28,0,node_disk_flush_requests_total,nbd13,172.18.0.4:9100,prometheus.scrape.annotated_pods
2025-07-12 05:32:28,0,node_disk_flush_requests_total,nbd13,172.18.0.4:9100,prometheus.scrape.annotated_pods
2025-07-12 05:33:28,0,node_disk_flush_requests_total,nbd13,172.18.0.4:9100,prometheus.scrape.annotated_pods
2025-07-12 05:34:28,0,node_disk_flush_requests_total,nbd13,172.18.0.4:9100,prometheus.scrape.annotated_pods
2025-07-12 05:35:28,0,node_disk_flush_requests_total,nbd13,172.18.0.4:9100,prometheus.scrape.annotated_pods
2025-07-12 05:36:28,0,node_disk_flush_requests_total,nbd13,172.18.0.4:9100,prometheus.scrape.annotated_pods
2025-07-12 05:37:28,0,node_disk_flush_requests_total,nbd13,172.18.0.4:9100,prometheus.scrape.annotated_pods
2025-07-12 05:38:28,0,node_disk_flush_requests_total,nbd13,172.18.0.4:9100,prometheus.scrape.annotated_pods
2025-07-12 05:39:28,0,node_disk_flush_requests_total,nbd13,172.18.0.4:9100,prometheus.scrape.annotated_pods
2025-07-12 05:40:28,0,node_disk_flush_requests_total,nbd13,172.18.0.4:9100,prometheus.scrape.annotated_pods
2025-07-12 05:41:28,0,node_disk_flush_requests_total,nbd13,172.18.0.4:9100,prometheus.scrape.annotated_pods
2025-07-12 05:42:28,0,node_disk_flush_requests_total,nbd13,172.18.0.4:9100,prometheus.scrape.annotated_pods
2025-07-12 05:43:28,0,node_disk_flush_requests_total,nbd13,172.18.0.4:9100,prometheus.scrape.annotated_pods
2025-07-12 05:44:28,0,node_disk_flush_requests_total,nbd13,172.18.0.4:9100,prometheus.scrape.annotated_pods
2025-07-12 05:45:28,0,node_disk_flush_requests_total,nbd13,172.18.0.4:9100,prometheus.scrape.annotated_pods
2025-07-12 05:46:28,0,node_disk_flush_requests_total,nbd13,172.18.0.4:9100,prometheus.scrape.annotated_pods
2025-07-12 05:47:28,0,node_disk_flush_requests_total,nbd13,172.18.0.4:9100,prometheus.scrape.annotated_pods
2025-07-12 05:48:28,0,node_disk_flush_requests_total,nbd13,172.18.0.4:9100,prometheus.scrape.annotated_pods
2025-07-12 05:49:28,0,node_disk_flush_requests_total,nbd13,172.18.0.4:9100,prometheus.scrape.annotated_pods
2025-07-12 05:50:28,0,node_disk_flush_requests_total,nbd13,172.18.0.4:9100,prometheus.scrape.annotated_pods
2025-07-12 05:51:28,0,node_disk_flush_requests_total,nbd13,172.18.0.4:9100,prometheus.scrape.annotated_pods
2025-07-12 05:52:28,0,node_disk_flush_requests_total,nbd13,172.18.0.4:9100,prometheus.scrape.annotated_pods
2025-07-12 05:53:28,0,node_disk_flush_requests_total,nbd13,172.18.0.4:9100,prometheus.scrape.annotated_pods
2025-07-12 05:54:28,0,node_disk_flush_requests_total,nbd13,172.18.0.4:9100,prometheus.scrape.annotated_pods
2025-07-12 05:55:28,0,node_disk_flush_requests_total,nbd13,172.18.0.4:9100,prometheus.scrape.annotated_pods
2025-07-12 05:56:28,0,node_disk_flush_requests_total,nbd13,172.18.0.4:9100,prometheus.scrape.annotated_pods
2025-07-12 05:57:28,0,node_disk_flush_requests_total,nbd13,172.18.0.4:9100,prometheus.scrape.annotated_pods
2025-07-12 05:58:28,0,node_disk_flush_requests_total,nbd13,172.18.0.4:9100,prometheus.scrape.annotated_pods
2025-07-12 05:59:28,0,node_disk_flush_requests_total,nbd13,172.18.0.4:9100,prometheus.scrape.annotated_pods
2025-07-12 06:00:28,0,node_disk_flush_requests_total,nbd13,172.18.0.4:9100,prometheus.scrape.annotated_pods
2025-07-12 06:01:28,0,node_disk_flush_requests_total,nbd13,172.18.0.4:9100,prometheus.scrape.annotated_pods
2025-07-12 06:02:28,0,node_disk_flush_requests_total,nbd13,172.18.0.4:9100,prometheus.scrape.annotated_pods
2025-07-12 06:03:28,0,node_disk_flush_requests_total,nbd13,172.18.0.4:9100,prometheus.scrape.annotated_pods
2025-07-12 06:04:28,0,node_disk_flush_requests_total,nbd13,172.18.0.4:9100,prometheus.scrape.annotated_pods
2025-07-12 06:05:28,0,node_disk_flush_requests_total,nbd13,172.18.0.4:9100,prometheus.scrape.annotated_pods
2025-07-12 06:06:28,0,node_disk_flush_requests_total,nbd13,172.18.0.4:9100,prometheus.scrape.annotated_pods
2025-07-12 06:07:28,0,node_disk_flush_requests_total,nbd13,172.18.0.4:9100,prometheus.scrape.annotated_pods
2025-07-12 06:08:28,0,node_disk_flush_requests_total,nbd13,172.18.0.4:9100,prometheus.scrape.annotated_pods
2025-07-12 06:09:28,0,node_disk_flush_requests_total,nbd13,172.18.0.4:9100,prometheus.scrape.annotated_pods
2025-07-12 06:10:28,0,node_disk_flush_requests_total,nbd13,172.18.0.4:9100,prometheus.scrape.annotated_pods
2025-07-12 06:11:28,0,node_disk_flush_requests_total,nbd13,172.18.0.4:9100,prometheus.scrape.annotated_pods
2025-07-12 06:12:28,0,node_disk_flush_requests_total,nbd13,172.18.0.4:9100,prometheus.scrape.annotated_pods
2025-07-12 06:13:28,0,node_disk_flush_requests_total,nbd13,172.18.0.4:9100,prometheus.scrape.annotated_pods
2025-07-12 05:30:28,0,node_disk_flush_requests_total,nbd13,node-exporter.nimbusguard.svc:9100,prometheus.scrape.node_exporter
2025-07-12 05:31:28,0,node_disk_flush_requests_total,nbd13,node-exporter.nimbusguard.svc:9100,prometheus.scrape.node_exporter
2025-07-12 05:32:28,0,node_disk_flush_requests_total,nbd13,node-exporter.nimbusguard.svc:9100,prometheus.scrape.node_exporter
2025-07-12 05:33:28,0,node_disk_flush_requests_total,nbd13,node-exporter.nimbusguard.svc:9100,prometheus.scrape.node_exporter
2025-07-12 05:34:28,0,node_disk_flush_requests_total,nbd13,node-exporter.nimbusguard.svc:9100,prometheus.scrape.node_exporter
2025-07-12 05:35:28,0,node_disk_flush_requests_total,nbd13,node-exporter.nimbusguard.svc:9100,prometheus.scrape.node_exporter
2025-07-12 05:36:28,0,node_disk_flush_requests_total,nbd13,node-exporter.nimbusguard.svc:9100,prometheus.scrape.node_exporter
2025-07-12 05:37:28,0,node_disk_flush_requests_total,nbd13,node-exporter.nimbusguard.svc:9100,prometheus.scrape.node_exporter
2025-07-12 05:38:28,0,node_disk_flush_requests_total,nbd13,node-exporter.nimbusguard.svc:9100,prometheus.scrape.node_exporter
2025-07-12 05:39:28,0,node_disk_flush_requests_total,nbd13,node-exporter.nimbusguard.svc:9100,prometheus.scrape.node_exporter
2025-07-12 05:40:28,0,node_disk_flush_requests_total,nbd13,node-exporter.nimbusguard.svc:9100,prometheus.scrape.node_exporter
2025-07-12 05:41:28,0,node_disk_flush_requests_total,nbd13,node-exporter.nimbusguard.svc:9100,prometheus.scrape.node_exporter
2025-07-12 05:42:28,0,node_disk_flush_requests_total,nbd13,node-exporter.nimbusguard.svc:9100,prometheus.scrape.node_exporter
2025-07-12 05:43:28,0,node_disk_flush_requests_total,nbd13,node-exporter.nimbusguard.svc:9100,prometheus.scrape.node_exporter
2025-07-12 05:44:28,0,node_disk_flush_requests_total,nbd13,node-exporter.nimbusguard.svc:9100,prometheus.scrape.node_exporter
2025-07-12 05:45:28,0,node_disk_flush_requests_total,nbd13,node-exporter.nimbusguard.svc:9100,prometheus.scrape.node_exporter
2025-07-12 05:46:28,0,node_disk_flush_requests_total,nbd13,node-exporter.nimbusguard.svc:9100,prometheus.scrape.node_exporter
2025-07-12 05:47:28,0,node_disk_flush_requests_total,nbd13,node-exporter.nimbusguard.svc:9100,prometheus.scrape.node_exporter
2025-07-12 05:48:28,0,node_disk_flush_requests_total,nbd13,node-exporter.nimbusguard.svc:9100,prometheus.scrape.node_exporter
2025-07-12 05:49:28,0,node_disk_flush_requests_total,nbd13,node-exporter.nimbusguard.svc:9100,prometheus.scrape.node_exporter
2025-07-12 05:50:28,0,node_disk_flush_requests_total,nbd13,node-exporter.nimbusguard.svc:9100,prometheus.scrape.node_exporter
2025-07-12 05:51:28,0,node_disk_flush_requests_total,nbd13,node-exporter.nimbusguard.svc:9100,prometheus.scrape.node_exporter
2025-07-12 05:52:28,0,node_disk_flush_requests_total,nbd13,node-exporter.nimbusguard.svc:9100,prometheus.scrape.node_exporter
2025-07-12 05:53:28,0,node_disk_flush_requests_total,nbd13,node-exporter.nimbusguard.svc:9100,prometheus.scrape.node_exporter
2025-07-12 05:54:28,0,node_disk_flush_requests_total,nbd13,node-exporter.nimbusguard.svc:9100,prometheus.scrape.node_exporter
2025-07-12 05:55:28,0,node_disk_flush_requests_total,nbd13,node-exporter.nimbusguard.svc:9100,prometheus.scrape.node_exporter
2025-07-12 05:56:28,0,node_disk_flush_requests_total,nbd13,node-exporter.nimbusguard.svc:9100,prometheus.scrape.node_exporter
2025-07-12 05:57:28,0,node_disk_flush_requests_total,nbd13,node-exporter.nimbusguard.svc:9100,prometheus.scrape.node_exporter
2025-07-12 05:58:28,0,node_disk_flush_requests_total,nbd13,node-exporter.nimbusguard.svc:9100,prometheus.scrape.node_exporter
2025-07-12 05:59:28,0,node_disk_flush_requests_total,nbd13,node-exporter.nimbusguard.svc:9100,prometheus.scrape.node_exporter
2025-07-12 06:00:28,0,node_disk_flush_requests_total,nbd13,node-exporter.nimbusguard.svc:9100,prometheus.scrape.node_exporter
2025-07-12 06:01:28,0,node_disk_flush_requests_total,nbd13,node-exporter.nimbusguard.svc:9100,prometheus.scrape.node_exporter
2025-07-12 06:02:28,0,node_disk_flush_requests_total,nbd13,node-exporter.nimbusguard.svc:9100,prometheus.scrape.node_exporter
2025-07-12 06:03:28,0,node_disk_flush_requests_total,nbd13,node-exporter.nimbusguard.svc:9100,prometheus.scrape.node_exporter
2025-07-12 06:04:28,0,node_disk_flush_requests_total,nbd13,node-exporter.nimbusguard.svc:9100,prometheus.scrape.node_exporter
2025-07-12 06:05:28,0,node_disk_flush_requests_total,nbd13,node-exporter.nimbusguard.svc:9100,prometheus.scrape.node_exporter
2025-07-12 06:06:28,0,node_disk_flush_requests_total,nbd13,node-exporter.nimbusguard.svc:9100,prometheus.scrape.node_exporter
2025-07-12 06:07:28,0,node_disk_flush_requests_total,nbd13,node-exporter.nimbusguard.svc:9100,prometheus.scrape.node_exporter
2025-07-12 06:08:28,0,node_disk_flush_requests_total,nbd13,node-exporter.nimbusguard.svc:9100,prometheus.scrape.node_exporter
2025-07-12 06:09:28,0,node_disk_flush_requests_total,nbd13,node-exporter.nimbusguard.svc:9100,prometheus.scrape.node_exporter
2025-07-12 06:10:28,0,node_disk_flush_requests_total,nbd13,node-exporter.nimbusguard.svc:9100,prometheus.scrape.node_exporter
2025-07-12 06:11:28,0,node_disk_flush_requests_total,nbd13,node-exporter.nimbusguard.svc:9100,prometheus.scrape.node_exporter
2025-07-12 06:12:28,0,node_disk_flush_requests_total,nbd13,node-exporter.nimbusguard.svc:9100,prometheus.scrape.node_exporter
2025-07-12 06:13:28,0,node_disk_flush_requests_total,nbd13,node-exporter.nimbusguard.svc:9100,prometheus.scrape.node_exporter
2025-07-12 05:30:28,0,node_disk_flush_requests_total,nbd14,172.18.0.2:9100,prometheus.scrape.annotated_pods
2025-07-12 05:31:28,0,node_disk_flush_requests_total,nbd14,172.18.0.2:9100,prometheus.scrape.annotated_pods
2025-07-12 05:32:28,0,node_disk_flush_requests_total,nbd14,172.18.0.2:9100,prometheus.scrape.annotated_pods
2025-07-12 05:33:28,0,node_disk_flush_requests_total,nbd14,172.18.0.2:9100,prometheus.scrape.annotated_pods
2025-07-12 05:34:28,0,node_disk_flush_requests_total,nbd14,172.18.0.2:9100,prometheus.scrape.annotated_pods
2025-07-12 05:35:28,0,node_disk_flush_requests_total,nbd14,172.18.0.2:9100,prometheus.scrape.annotated_pods
2025-07-12 05:36:28,0,node_disk_flush_requests_total,nbd14,172.18.0.2:9100,prometheus.scrape.annotated_pods
2025-07-12 05:37:28,0,node_disk_flush_requests_total,nbd14,172.18.0.2:9100,prometheus.scrape.annotated_pods
2025-07-12 05:38:28,0,node_disk_flush_requests_total,nbd14,172.18.0.2:9100,prometheus.scrape.annotated_pods
2025-07-12 05:39:28,0,node_disk_flush_requests_total,nbd14,172.18.0.2:9100,prometheus.scrape.annotated_pods
2025-07-12 05:40:28,0,node_disk_flush_requests_total,nbd14,172.18.0.2:9100,prometheus.scrape.annotated_pods
2025-07-12 05:41:28,0,node_disk_flush_requests_total,nbd14,172.18.0.2:9100,prometheus.scrape.annotated_pods
2025-07-12 05:42:28,0,node_disk_flush_requests_total,nbd14,172.18.0.2:9100,prometheus.scrape.annotated_pods
2025-07-12 05:43:28,0,node_disk_flush_requests_total,nbd14,172.18.0.2:9100,prometheus.scrape.annotated_pods
2025-07-12 05:44:28,0,node_disk_flush_requests_total,nbd14,172.18.0.2:9100,prometheus.scrape.annotated_pods
2025-07-12 05:45:28,0,node_disk_flush_requests_total,nbd14,172.18.0.2:9100,prometheus.scrape.annotated_pods
2025-07-12 05:46:28,0,node_disk_flush_requests_total,nbd14,172.18.0.2:9100,prometheus.scrape.annotated_pods
2025-07-12 05:47:28,0,node_disk_flush_requests_total,nbd14,172.18.0.2:9100,prometheus.scrape.annotated_pods
2025-07-12 05:48:28,0,node_disk_flush_requests_total,nbd14,172.18.0.2:9100,prometheus.scrape.annotated_pods
2025-07-12 05:49:28,0,node_disk_flush_requests_total,nbd14,172.18.0.2:9100,prometheus.scrape.annotated_pods
2025-07-12 05:50:28,0,node_disk_flush_requests_total,nbd14,172.18.0.2:9100,prometheus.scrape.annotated_pods
2025-07-12 05:51:28,0,node_disk_flush_requests_total,nbd14,172.18.0.2:9100,prometheus.scrape.annotated_pods
2025-07-12 05:52:28,0,node_disk_flush_requests_total,nbd14,172.18.0.2:9100,prometheus.scrape.annotated_pods
2025-07-12 05:53:28,0,node_disk_flush_requests_total,nbd14,172.18.0.2:9100,prometheus.scrape.annotated_pods
2025-07-12 05:54:28,0,node_disk_flush_requests_total,nbd14,172.18.0.2:9100,prometheus.scrape.annotated_pods
2025-07-12 05:55:28,0,node_disk_flush_requests_total,nbd14,172.18.0.2:9100,prometheus.scrape.annotated_pods
2025-07-12 05:56:28,0,node_disk_flush_requests_total,nbd14,172.18.0.2:9100,prometheus.scrape.annotated_pods
2025-07-12 05:57:28,0,node_disk_flush_requests_total,nbd14,172.18.0.2:9100,prometheus.scrape.annotated_pods
2025-07-12 05:58:28,0,node_disk_flush_requests_total,nbd14,172.18.0.2:9100,prometheus.scrape.annotated_pods
2025-07-12 05:59:28,0,node_disk_flush_requests_total,nbd14,172.18.0.2:9100,prometheus.scrape.annotated_pods
2025-07-12 06:00:28,0,node_disk_flush_requests_total,nbd14,172.18.0.2:9100,prometheus.scrape.annotated_pods
2025-07-12 06:01:28,0,node_disk_flush_requests_total,nbd14,172.18.0.2:9100,prometheus.scrape.annotated_pods
2025-07-12 06:02:28,0,node_disk_flush_requests_total,nbd14,172.18.0.2:9100,prometheus.scrape.annotated_pods
2025-07-12 06:03:28,0,node_disk_flush_requests_total,nbd14,172.18.0.2:9100,prometheus.scrape.annotated_pods
2025-07-12 06:04:28,0,node_disk_flush_requests_total,nbd14,172.18.0.2:9100,prometheus.scrape.annotated_pods
2025-07-12 06:05:28,0,node_disk_flush_requests_total,nbd14,172.18.0.2:9100,prometheus.scrape.annotated_pods
2025-07-12 06:06:28,0,node_disk_flush_requests_total,nbd14,172.18.0.2:9100,prometheus.scrape.annotated_pods
2025-07-12 06:07:28,0,node_disk_flush_requests_total,nbd14,172.18.0.2:9100,prometheus.scrape.annotated_pods
2025-07-12 06:08:28,0,node_disk_flush_requests_total,nbd14,172.18.0.2:9100,prometheus.scrape.annotated_pods
2025-07-12 06:09:28,0,node_disk_flush_requests_total,nbd14,172.18.0.2:9100,prometheus.scrape.annotated_pods
2025-07-12 06:10:28,0,node_disk_flush_requests_total,nbd14,172.18.0.2:9100,prometheus.scrape.annotated_pods
2025-07-12 06:11:28,0,node_disk_flush_requests_total,nbd14,172.18.0.2:9100,prometheus.scrape.annotated_pods
2025-07-12 06:12:28,0,node_disk_flush_requests_total,nbd14,172.18.0.2:9100,prometheus.scrape.annotated_pods
2025-07-12 06:13:28,0,node_disk_flush_requests_total,nbd14,172.18.0.2:9100,prometheus.scrape.annotated_pods
2025-07-12 05:29:28,0,node_disk_flush_requests_total,nbd14,172.18.0.3:9100,prometheus.scrape.annotated_pods
2025-07-12 05:30:28,0,node_disk_flush_requests_total,nbd14,172.18.0.3:9100,prometheus.scrape.annotated_pods
2025-07-12 05:31:28,0,node_disk_flush_requests_total,nbd14,172.18.0.3:9100,prometheus.scrape.annotated_pods
2025-07-12 05:32:28,0,node_disk_flush_requests_total,nbd14,172.18.0.3:9100,prometheus.scrape.annotated_pods
2025-07-12 05:33:28,0,node_disk_flush_requests_total,nbd14,172.18.0.3:9100,prometheus.scrape.annotated_pods
2025-07-12 05:34:28,0,node_disk_flush_requests_total,nbd14,172.18.0.3:9100,prometheus.scrape.annotated_pods
2025-07-12 05:35:28,0,node_disk_flush_requests_total,nbd14,172.18.0.3:9100,prometheus.scrape.annotated_pods
2025-07-12 05:36:28,0,node_disk_flush_requests_total,nbd14,172.18.0.3:9100,prometheus.scrape.annotated_pods
2025-07-12 05:37:28,0,node_disk_flush_requests_total,nbd14,172.18.0.3:9100,prometheus.scrape.annotated_pods
2025-07-12 05:38:28,0,node_disk_flush_requests_total,nbd14,172.18.0.3:9100,prometheus.scrape.annotated_pods
2025-07-12 05:39:28,0,node_disk_flush_requests_total,nbd14,172.18.0.3:9100,prometheus.scrape.annotated_pods
2025-07-12 05:40:28,0,node_disk_flush_requests_total,nbd14,172.18.0.3:9100,prometheus.scrape.annotated_pods
2025-07-12 05:41:28,0,node_disk_flush_requests_total,nbd14,172.18.0.3:9100,prometheus.scrape.annotated_pods
2025-07-12 05:42:28,0,node_disk_flush_requests_total,nbd14,172.18.0.3:9100,prometheus.scrape.annotated_pods
2025-07-12 05:43:28,0,node_disk_flush_requests_total,nbd14,172.18.0.3:9100,prometheus.scrape.annotated_pods
2025-07-12 05:44:28,0,node_disk_flush_requests_total,nbd14,172.18.0.3:9100,prometheus.scrape.annotated_pods
2025-07-12 05:45:28,0,node_disk_flush_requests_total,nbd14,172.18.0.3:9100,prometheus.scrape.annotated_pods
2025-07-12 05:46:28,0,node_disk_flush_requests_total,nbd14,172.18.0.3:9100,prometheus.scrape.annotated_pods
2025-07-12 05:47:28,0,node_disk_flush_requests_total,nbd14,172.18.0.3:9100,prometheus.scrape.annotated_pods
2025-07-12 05:48:28,0,node_disk_flush_requests_total,nbd14,172.18.0.3:9100,prometheus.scrape.annotated_pods
2025-07-12 05:49:28,0,node_disk_flush_requests_total,nbd14,172.18.0.3:9100,prometheus.scrape.annotated_pods
2025-07-12 05:50:28,0,node_disk_flush_requests_total,nbd14,172.18.0.3:9100,prometheus.scrape.annotated_pods
2025-07-12 05:51:28,0,node_disk_flush_requests_total,nbd14,172.18.0.3:9100,prometheus.scrape.annotated_pods
2025-07-12 05:52:28,0,node_disk_flush_requests_total,nbd14,172.18.0.3:9100,prometheus.scrape.annotated_pods
2025-07-12 05:53:28,0,node_disk_flush_requests_total,nbd14,172.18.0.3:9100,prometheus.scrape.annotated_pods
2025-07-12 05:54:28,0,node_disk_flush_requests_total,nbd14,172.18.0.3:9100,prometheus.scrape.annotated_pods
2025-07-12 05:55:28,0,node_disk_flush_requests_total,nbd14,172.18.0.3:9100,prometheus.scrape.annotated_pods
2025-07-12 05:56:28,0,node_disk_flush_requests_total,nbd14,172.18.0.3:9100,prometheus.scrape.annotated_pods
2025-07-12 05:57:28,0,node_disk_flush_requests_total,nbd14,172.18.0.3:9100,prometheus.scrape.annotated_pods
2025-07-12 05:58:28,0,node_disk_flush_requests_total,nbd14,172.18.0.3:9100,prometheus.scrape.annotated_pods
2025-07-12 05:59:28,0,node_disk_flush_requests_total,nbd14,172.18.0.3:9100,prometheus.scrape.annotated_pods
2025-07-12 06:00:28,0,node_disk_flush_requests_total,nbd14,172.18.0.3:9100,prometheus.scrape.annotated_pods
2025-07-12 06:01:28,0,node_disk_flush_requests_total,nbd14,172.18.0.3:9100,prometheus.scrape.annotated_pods
2025-07-12 06:02:28,0,node_disk_flush_requests_total,nbd14,172.18.0.3:9100,prometheus.scrape.annotated_pods
2025-07-12 06:03:28,0,node_disk_flush_requests_total,nbd14,172.18.0.3:9100,prometheus.scrape.annotated_pods
2025-07-12 06:04:28,0,node_disk_flush_requests_total,nbd14,172.18.0.3:9100,prometheus.scrape.annotated_pods
2025-07-12 06:05:28,0,node_disk_flush_requests_total,nbd14,172.18.0.3:9100,prometheus.scrape.annotated_pods
2025-07-12 06:06:28,0,node_disk_flush_requests_total,nbd14,172.18.0.3:9100,prometheus.scrape.annotated_pods
2025-07-12 06:07:28,0,node_disk_flush_requests_total,nbd14,172.18.0.3:9100,prometheus.scrape.annotated_pods
2025-07-12 06:08:28,0,node_disk_flush_requests_total,nbd14,172.18.0.3:9100,prometheus.scrape.annotated_pods
2025-07-12 06:09:28,0,node_disk_flush_requests_total,nbd14,172.18.0.3:9100,prometheus.scrape.annotated_pods
2025-07-12 06:10:28,0,node_disk_flush_requests_total,nbd14,172.18.0.3:9100,prometheus.scrape.annotated_pods
2025-07-12 06:11:28,0,node_disk_flush_requests_total,nbd14,172.18.0.3:9100,prometheus.scrape.annotated_pods
2025-07-12 06:12:28,0,node_disk_flush_requests_total,nbd14,172.18.0.3:9100,prometheus.scrape.annotated_pods
2025-07-12 06:13:28,0,node_disk_flush_requests_total,nbd14,172.18.0.3:9100,prometheus.scrape.annotated_pods
2025-07-12 05:29:28,0,node_disk_flush_requests_total,nbd14,172.18.0.4:9100,prometheus.scrape.annotated_pods
2025-07-12 05:30:28,0,node_disk_flush_requests_total,nbd14,172.18.0.4:9100,prometheus.scrape.annotated_pods
2025-07-12 05:31:28,0,node_disk_flush_requests_total,nbd14,172.18.0.4:9100,prometheus.scrape.annotated_pods
2025-07-12 05:32:28,0,node_disk_flush_requests_total,nbd14,172.18.0.4:9100,prometheus.scrape.annotated_pods
2025-07-12 05:33:28,0,node_disk_flush_requests_total,nbd14,172.18.0.4:9100,prometheus.scrape.annotated_pods
2025-07-12 05:34:28,0,node_disk_flush_requests_total,nbd14,172.18.0.4:9100,prometheus.scrape.annotated_pods
2025-07-12 05:35:28,0,node_disk_flush_requests_total,nbd14,172.18.0.4:9100,prometheus.scrape.annotated_pods
2025-07-12 05:36:28,0,node_disk_flush_requests_total,nbd14,172.18.0.4:9100,prometheus.scrape.annotated_pods
2025-07-12 05:37:28,0,node_disk_flush_requests_total,nbd14,172.18.0.4:9100,prometheus.scrape.annotated_pods
2025-07-12 05:38:28,0,node_disk_flush_requests_total,nbd14,172.18.0.4:9100,prometheus.scrape.annotated_pods
2025-07-12 05:39:28,0,node_disk_flush_requests_total,nbd14,172.18.0.4:9100,prometheus.scrape.annotated_pods
2025-07-12 05:40:28,0,node_disk_flush_requests_total,nbd14,172.18.0.4:9100,prometheus.scrape.annotated_pods
2025-07-12 05:41:28,0,node_disk_flush_requests_total,nbd14,172.18.0.4:9100,prometheus.scrape.annotated_pods
2025-07-12 05:42:28,0,node_disk_flush_requests_total,nbd14,172.18.0.4:9100,prometheus.scrape.annotated_pods
2025-07-12 05:43:28,0,node_disk_flush_requests_total,nbd14,172.18.0.4:9100,prometheus.scrape.annotated_pods
2025-07-12 05:44:28,0,node_disk_flush_requests_total,nbd14,172.18.0.4:9100,prometheus.scrape.annotated_pods
2025-07-12 05:45:28,0,node_disk_flush_requests_total,nbd14,172.18.0.4:9100,prometheus.scrape.annotated_pods
2025-07-12 05:46:28,0,node_disk_flush_requests_total,nbd14,172.18.0.4:9100,prometheus.scrape.annotated_pods
2025-07-12 05:47:28,0,node_disk_flush_requests_total,nbd14,172.18.0.4:9100,prometheus.scrape.annotated_pods
2025-07-12 05:48:28,0,node_disk_flush_requests_total,nbd14,172.18.0.4:9100,prometheus.scrape.annotated_pods
2025-07-12 05:49:28,0,node_disk_flush_requests_total,nbd14,172.18.0.4:9100,prometheus.scrape.annotated_pods
2025-07-12 05:50:28,0,node_disk_flush_requests_total,nbd14,172.18.0.4:9100,prometheus.scrape.annotated_pods
2025-07-12 05:51:28,0,node_disk_flush_requests_total,nbd14,172.18.0.4:9100,prometheus.scrape.annotated_pods
2025-07-12 05:52:28,0,node_disk_flush_requests_total,nbd14,172.18.0.4:9100,prometheus.scrape.annotated_pods
2025-07-12 05:53:28,0,node_disk_flush_requests_total,nbd14,172.18.0.4:9100,prometheus.scrape.annotated_pods
2025-07-12 05:54:28,0,node_disk_flush_requests_total,nbd14,172.18.0.4:9100,prometheus.scrape.annotated_pods
2025-07-12 05:55:28,0,node_disk_flush_requests_total,nbd14,172.18.0.4:9100,prometheus.scrape.annotated_pods
2025-07-12 05:56:28,0,node_disk_flush_requests_total,nbd14,172.18.0.4:9100,prometheus.scrape.annotated_pods
2025-07-12 05:57:28,0,node_disk_flush_requests_total,nbd14,172.18.0.4:9100,prometheus.scrape.annotated_pods
2025-07-12 05:58:28,0,node_disk_flush_requests_total,nbd14,172.18.0.4:9100,prometheus.scrape.annotated_pods
2025-07-12 05:59:28,0,node_disk_flush_requests_total,nbd14,172.18.0.4:9100,prometheus.scrape.annotated_pods
2025-07-12 06:00:28,0,node_disk_flush_requests_total,nbd14,172.18.0.4:9100,prometheus.scrape.annotated_pods
2025-07-12 06:01:28,0,node_disk_flush_requests_total,nbd14,172.18.0.4:9100,prometheus.scrape.annotated_pods
2025-07-12 06:02:28,0,node_disk_flush_requests_total,nbd14,172.18.0.4:9100,prometheus.scrape.annotated_pods
2025-07-12 06:03:28,0,node_disk_flush_requests_total,nbd14,172.18.0.4:9100,prometheus.scrape.annotated_pods
2025-07-12 06:04:28,0,node_disk_flush_requests_total,nbd14,172.18.0.4:9100,prometheus.scrape.annotated_pods
2025-07-12 06:05:28,0,node_disk_flush_requests_total,nbd14,172.18.0.4:9100,prometheus.scrape.annotated_pods
2025-07-12 06:06:28,0,node_disk_flush_requests_total,nbd14,172.18.0.4:9100,prometheus.scrape.annotated_pods
2025-07-12 06:07:28,0,node_disk_flush_requests_total,nbd14,172.18.0.4:9100,prometheus.scrape.annotated_pods
2025-07-12 06:08:28,0,node_disk_flush_requests_total,nbd14,172.18.0.4:9100,prometheus.scrape.annotated_pods
2025-07-12 06:09:28,0,node_disk_flush_requests_total,nbd14,172.18.0.4:9100,prometheus.scrape.annotated_pods
2025-07-12 06:10:28,0,node_disk_flush_requests_total,nbd14,172.18.0.4:9100,prometheus.scrape.annotated_pods
2025-07-12 06:11:28,0,node_disk_flush_requests_total,nbd14,172.18.0.4:9100,prometheus.scrape.annotated_pods
2025-07-12 06:12:28,0,node_disk_flush_requests_total,nbd14,172.18.0.4:9100,prometheus.scrape.annotated_pods
2025-07-12 06:13:28,0,node_disk_flush_requests_total,nbd14,172.18.0.4:9100,prometheus.scrape.annotated_pods
2025-07-12 05:30:28,0,node_disk_flush_requests_total,nbd14,node-exporter.nimbusguard.svc:9100,prometheus.scrape.node_exporter
2025-07-12 05:31:28,0,node_disk_flush_requests_total,nbd14,node-exporter.nimbusguard.svc:9100,prometheus.scrape.node_exporter
2025-07-12 05:32:28,0,node_disk_flush_requests_total,nbd14,node-exporter.nimbusguard.svc:9100,prometheus.scrape.node_exporter
2025-07-12 05:33:28,0,node_disk_flush_requests_total,nbd14,node-exporter.nimbusguard.svc:9100,prometheus.scrape.node_exporter
2025-07-12 05:34:28,0,node_disk_flush_requests_total,nbd14,node-exporter.nimbusguard.svc:9100,prometheus.scrape.node_exporter
2025-07-12 05:35:28,0,node_disk_flush_requests_total,nbd14,node-exporter.nimbusguard.svc:9100,prometheus.scrape.node_exporter
2025-07-12 05:36:28,0,node_disk_flush_requests_total,nbd14,node-exporter.nimbusguard.svc:9100,prometheus.scrape.node_exporter
2025-07-12 05:37:28,0,node_disk_flush_requests_total,nbd14,node-exporter.nimbusguard.svc:9100,prometheus.scrape.node_exporter
2025-07-12 05:38:28,0,node_disk_flush_requests_total,nbd14,node-exporter.nimbusguard.svc:9100,prometheus.scrape.node_exporter
2025-07-12 05:39:28,0,node_disk_flush_requests_total,nbd14,node-exporter.nimbusguard.svc:9100,prometheus.scrape.node_exporter
2025-07-12 05:40:28,0,node_disk_flush_requests_total,nbd14,node-exporter.nimbusguard.svc:9100,prometheus.scrape.node_exporter
2025-07-12 05:41:28,0,node_disk_flush_requests_total,nbd14,node-exporter.nimbusguard.svc:9100,prometheus.scrape.node_exporter
2025-07-12 05:42:28,0,node_disk_flush_requests_total,nbd14,node-exporter.nimbusguard.svc:9100,prometheus.scrape.node_exporter
2025-07-12 05:43:28,0,node_disk_flush_requests_total,nbd14,node-exporter.nimbusguard.svc:9100,prometheus.scrape.node_exporter
2025-07-12 05:44:28,0,node_disk_flush_requests_total,nbd14,node-exporter.nimbusguard.svc:9100,prometheus.scrape.node_exporter
2025-07-12 05:45:28,0,node_disk_flush_requests_total,nbd14,node-exporter.nimbusguard.svc:9100,prometheus.scrape.node_exporter
2025-07-12 05:46:28,0,node_disk_flush_requests_total,nbd14,node-exporter.nimbusguard.svc:9100,prometheus.scrape.node_exporter
2025-07-12 05:47:28,0,node_disk_flush_requests_total,nbd14,node-exporter.nimbusguard.svc:9100,prometheus.scrape.node_exporter
2025-07-12 05:48:28,0,node_disk_flush_requests_total,nbd14,node-exporter.nimbusguard.svc:9100,prometheus.scrape.node_exporter
2025-07-12 05:49:28,0,node_disk_flush_requests_total,nbd14,node-exporter.nimbusguard.svc:9100,prometheus.scrape.node_exporter
2025-07-12 05:50:28,0,node_disk_flush_requests_total,nbd14,node-exporter.nimbusguard.svc:9100,prometheus.scrape.node_exporter
2025-07-12 05:51:28,0,node_disk_flush_requests_total,nbd14,node-exporter.nimbusguard.svc:9100,prometheus.scrape.node_exporter
2025-07-12 05:52:28,0,node_disk_flush_requests_total,nbd14,node-exporter.nimbusguard.svc:9100,prometheus.scrape.node_exporter
2025-07-12 05:53:28,0,node_disk_flush_requests_total,nbd14,node-exporter.nimbusguard.svc:9100,prometheus.scrape.node_exporter
2025-07-12 05:54:28,0,node_disk_flush_requests_total,nbd14,node-exporter.nimbusguard.svc:9100,prometheus.scrape.node_exporter
2025-07-12 05:55:28,0,node_disk_flush_requests_total,nbd14,node-exporter.nimbusguard.svc:9100,prometheus.scrape.node_exporter
2025-07-12 05:56:28,0,node_disk_flush_requests_total,nbd14,node-exporter.nimbusguard.svc:9100,prometheus.scrape.node_exporter
2025-07-12 05:57:28,0,node_disk_flush_requests_total,nbd14,node-exporter.nimbusguard.svc:9100,prometheus.scrape.node_exporter
2025-07-12 05:58:28,0,node_disk_flush_requests_total,nbd14,node-exporter.nimbusguard.svc:9100,prometheus.scrape.node_exporter
2025-07-12 05:59:28,0,node_disk_flush_requests_total,nbd14,node-exporter.nimbusguard.svc:9100,prometheus.scrape.node_exporter
2025-07-12 06:00:28,0,node_disk_flush_requests_total,nbd14,node-exporter.nimbusguard.svc:9100,prometheus.scrape.node_exporter
2025-07-12 06:01:28,0,node_disk_flush_requests_total,nbd14,node-exporter.nimbusguard.svc:9100,prometheus.scrape.node_exporter
2025-07-12 06:02:28,0,node_disk_flush_requests_total,nbd14,node-exporter.nimbusguard.svc:9100,prometheus.scrape.node_exporter
2025-07-12 06:03:28,0,node_disk_flush_requests_total,nbd14,node-exporter.nimbusguard.svc:9100,prometheus.scrape.node_exporter
2025-07-12 06:04:28,0,node_disk_flush_requests_total,nbd14,node-exporter.nimbusguard.svc:9100,prometheus.scrape.node_exporter
2025-07-12 06:05:28,0,node_disk_flush_requests_total,nbd14,node-exporter.nimbusguard.svc:9100,prometheus.scrape.node_exporter
2025-07-12 06:06:28,0,node_disk_flush_requests_total,nbd14,node-exporter.nimbusguard.svc:9100,prometheus.scrape.node_exporter
2025-07-12 06:07:28,0,node_disk_flush_requests_total,nbd14,node-exporter.nimbusguard.svc:9100,prometheus.scrape.node_exporter
2025-07-12 06:08:28,0,node_disk_flush_requests_total,nbd14,node-exporter.nimbusguard.svc:9100,prometheus.scrape.node_exporter
2025-07-12 06:09:28,0,node_disk_flush_requests_total,nbd14,node-exporter.nimbusguard.svc:9100,prometheus.scrape.node_exporter
2025-07-12 06:10:28,0,node_disk_flush_requests_total,nbd14,node-exporter.nimbusguard.svc:9100,prometheus.scrape.node_exporter
2025-07-12 06:11:28,0,node_disk_flush_requests_total,nbd14,node-exporter.nimbusguard.svc:9100,prometheus.scrape.node_exporter
2025-07-12 06:12:28,0,node_disk_flush_requests_total,nbd14,node-exporter.nimbusguard.svc:9100,prometheus.scrape.node_exporter
2025-07-12 06:13:28,0,node_disk_flush_requests_total,nbd14,node-exporter.nimbusguard.svc:9100,prometheus.scrape.node_exporter
2025-07-12 05:30:28,0,node_disk_flush_requests_total,nbd15,172.18.0.2:9100,prometheus.scrape.annotated_pods
2025-07-12 05:31:28,0,node_disk_flush_requests_total,nbd15,172.18.0.2:9100,prometheus.scrape.annotated_pods
2025-07-12 05:32:28,0,node_disk_flush_requests_total,nbd15,172.18.0.2:9100,prometheus.scrape.annotated_pods
2025-07-12 05:33:28,0,node_disk_flush_requests_total,nbd15,172.18.0.2:9100,prometheus.scrape.annotated_pods
2025-07-12 05:34:28,0,node_disk_flush_requests_total,nbd15,172.18.0.2:9100,prometheus.scrape.annotated_pods
2025-07-12 05:35:28,0,node_disk_flush_requests_total,nbd15,172.18.0.2:9100,prometheus.scrape.annotated_pods
2025-07-12 05:36:28,0,node_disk_flush_requests_total,nbd15,172.18.0.2:9100,prometheus.scrape.annotated_pods
2025-07-12 05:37:28,0,node_disk_flush_requests_total,nbd15,172.18.0.2:9100,prometheus.scrape.annotated_pods
2025-07-12 05:38:28,0,node_disk_flush_requests_total,nbd15,172.18.0.2:9100,prometheus.scrape.annotated_pods
2025-07-12 05:39:28,0,node_disk_flush_requests_total,nbd15,172.18.0.2:9100,prometheus.scrape.annotated_pods
2025-07-12 05:40:28,0,node_disk_flush_requests_total,nbd15,172.18.0.2:9100,prometheus.scrape.annotated_pods
2025-07-12 05:41:28,0,node_disk_flush_requests_total,nbd15,172.18.0.2:9100,prometheus.scrape.annotated_pods
2025-07-12 05:42:28,0,node_disk_flush_requests_total,nbd15,172.18.0.2:9100,prometheus.scrape.annotated_pods
2025-07-12 05:43:28,0,node_disk_flush_requests_total,nbd15,172.18.0.2:9100,prometheus.scrape.annotated_pods
2025-07-12 05:44:28,0,node_disk_flush_requests_total,nbd15,172.18.0.2:9100,prometheus.scrape.annotated_pods
2025-07-12 05:45:28,0,node_disk_flush_requests_total,nbd15,172.18.0.2:9100,prometheus.scrape.annotated_pods
2025-07-12 05:46:28,0,node_disk_flush_requests_total,nbd15,172.18.0.2:9100,prometheus.scrape.annotated_pods
2025-07-12 05:47:28,0,node_disk_flush_requests_total,nbd15,172.18.0.2:9100,prometheus.scrape.annotated_pods
2025-07-12 05:48:28,0,node_disk_flush_requests_total,nbd15,172.18.0.2:9100,prometheus.scrape.annotated_pods
2025-07-12 05:49:28,0,node_disk_flush_requests_total,nbd15,172.18.0.2:9100,prometheus.scrape.annotated_pods
2025-07-12 05:50:28,0,node_disk_flush_requests_total,nbd15,172.18.0.2:9100,prometheus.scrape.annotated_pods
2025-07-12 05:51:28,0,node_disk_flush_requests_total,nbd15,172.18.0.2:9100,prometheus.scrape.annotated_pods
2025-07-12 05:52:28,0,node_disk_flush_requests_total,nbd15,172.18.0.2:9100,prometheus.scrape.annotated_pods
2025-07-12 05:53:28,0,node_disk_flush_requests_total,nbd15,172.18.0.2:9100,prometheus.scrape.annotated_pods
2025-07-12 05:54:28,0,node_disk_flush_requests_total,nbd15,172.18.0.2:9100,prometheus.scrape.annotated_pods
2025-07-12 05:55:28,0,node_disk_flush_requests_total,nbd15,172.18.0.2:9100,prometheus.scrape.annotated_pods
2025-07-12 05:56:28,0,node_disk_flush_requests_total,nbd15,172.18.0.2:9100,prometheus.scrape.annotated_pods
2025-07-12 05:57:28,0,node_disk_flush_requests_total,nbd15,172.18.0.2:9100,prometheus.scrape.annotated_pods
2025-07-12 05:58:28,0,node_disk_flush_requests_total,nbd15,172.18.0.2:9100,prometheus.scrape.annotated_pods
2025-07-12 05:59:28,0,node_disk_flush_requests_total,nbd15,172.18.0.2:9100,prometheus.scrape.annotated_pods
2025-07-12 06:00:28,0,node_disk_flush_requests_total,nbd15,172.18.0.2:9100,prometheus.scrape.annotated_pods
2025-07-12 06:01:28,0,node_disk_flush_requests_total,nbd15,172.18.0.2:9100,prometheus.scrape.annotated_pods
2025-07-12 06:02:28,0,node_disk_flush_requests_total,nbd15,172.18.0.2:9100,prometheus.scrape.annotated_pods
2025-07-12 06:03:28,0,node_disk_flush_requests_total,nbd15,172.18.0.2:9100,prometheus.scrape.annotated_pods
2025-07-12 06:04:28,0,node_disk_flush_requests_total,nbd15,172.18.0.2:9100,prometheus.scrape.annotated_pods
2025-07-12 06:05:28,0,node_disk_flush_requests_total,nbd15,172.18.0.2:9100,prometheus.scrape.annotated_pods
2025-07-12 06:06:28,0,node_disk_flush_requests_total,nbd15,172.18.0.2:9100,prometheus.scrape.annotated_pods
2025-07-12 06:07:28,0,node_disk_flush_requests_total,nbd15,172.18.0.2:9100,prometheus.scrape.annotated_pods
2025-07-12 06:08:28,0,node_disk_flush_requests_total,nbd15,172.18.0.2:9100,prometheus.scrape.annotated_pods
2025-07-12 06:09:28,0,node_disk_flush_requests_total,nbd15,172.18.0.2:9100,prometheus.scrape.annotated_pods
2025-07-12 06:10:28,0,node_disk_flush_requests_total,nbd15,172.18.0.2:9100,prometheus.scrape.annotated_pods
2025-07-12 06:11:28,0,node_disk_flush_requests_total,nbd15,172.18.0.2:9100,prometheus.scrape.annotated_pods
2025-07-12 06:12:28,0,node_disk_flush_requests_total,nbd15,172.18.0.2:9100,prometheus.scrape.annotated_pods
2025-07-12 06:13:28,0,node_disk_flush_requests_total,nbd15,172.18.0.2:9100,prometheus.scrape.annotated_pods
2025-07-12 05:29:28,0,node_disk_flush_requests_total,nbd15,172.18.0.3:9100,prometheus.scrape.annotated_pods
2025-07-12 05:30:28,0,node_disk_flush_requests_total,nbd15,172.18.0.3:9100,prometheus.scrape.annotated_pods
2025-07-12 05:31:28,0,node_disk_flush_requests_total,nbd15,172.18.0.3:9100,prometheus.scrape.annotated_pods
2025-07-12 05:32:28,0,node_disk_flush_requests_total,nbd15,172.18.0.3:9100,prometheus.scrape.annotated_pods
2025-07-12 05:33:28,0,node_disk_flush_requests_total,nbd15,172.18.0.3:9100,prometheus.scrape.annotated_pods
2025-07-12 05:34:28,0,node_disk_flush_requests_total,nbd15,172.18.0.3:9100,prometheus.scrape.annotated_pods
2025-07-12 05:35:28,0,node_disk_flush_requests_total,nbd15,172.18.0.3:9100,prometheus.scrape.annotated_pods
2025-07-12 05:36:28,0,node_disk_flush_requests_total,nbd15,172.18.0.3:9100,prometheus.scrape.annotated_pods
2025-07-12 05:37:28,0,node_disk_flush_requests_total,nbd15,172.18.0.3:9100,prometheus.scrape.annotated_pods
2025-07-12 05:38:28,0,node_disk_flush_requests_total,nbd15,172.18.0.3:9100,prometheus.scrape.annotated_pods
2025-07-12 05:39:28,0,node_disk_flush_requests_total,nbd15,172.18.0.3:9100,prometheus.scrape.annotated_pods
2025-07-12 05:40:28,0,node_disk_flush_requests_total,nbd15,172.18.0.3:9100,prometheus.scrape.annotated_pods
2025-07-12 05:41:28,0,node_disk_flush_requests_total,nbd15,172.18.0.3:9100,prometheus.scrape.annotated_pods
2025-07-12 05:42:28,0,node_disk_flush_requests_total,nbd15,172.18.0.3:9100,prometheus.scrape.annotated_pods
2025-07-12 05:43:28,0,node_disk_flush_requests_total,nbd15,172.18.0.3:9100,prometheus.scrape.annotated_pods
2025-07-12 05:44:28,0,node_disk_flush_requests_total,nbd15,172.18.0.3:9100,prometheus.scrape.annotated_pods
2025-07-12 05:45:28,0,node_disk_flush_requests_total,nbd15,172.18.0.3:9100,prometheus.scrape.annotated_pods
2025-07-12 05:46:28,0,node_disk_flush_requests_total,nbd15,172.18.0.3:9100,prometheus.scrape.annotated_pods
2025-07-12 05:47:28,0,node_disk_flush_requests_total,nbd15,172.18.0.3:9100,prometheus.scrape.annotated_pods
2025-07-12 05:48:28,0,node_disk_flush_requests_total,nbd15,172.18.0.3:9100,prometheus.scrape.annotated_pods
2025-07-12 05:49:28,0,node_disk_flush_requests_total,nbd15,172.18.0.3:9100,prometheus.scrape.annotated_pods
2025-07-12 05:50:28,0,node_disk_flush_requests_total,nbd15,172.18.0.3:9100,prometheus.scrape.annotated_pods
2025-07-12 05:51:28,0,node_disk_flush_requests_total,nbd15,172.18.0.3:9100,prometheus.scrape.annotated_pods
2025-07-12 05:52:28,0,node_disk_flush_requests_total,nbd15,172.18.0.3:9100,prometheus.scrape.annotated_pods
2025-07-12 05:53:28,0,node_disk_flush_requests_total,nbd15,172.18.0.3:9100,prometheus.scrape.annotated_pods
2025-07-12 05:54:28,0,node_disk_flush_requests_total,nbd15,172.18.0.3:9100,prometheus.scrape.annotated_pods
2025-07-12 05:55:28,0,node_disk_flush_requests_total,nbd15,172.18.0.3:9100,prometheus.scrape.annotated_pods
2025-07-12 05:56:28,0,node_disk_flush_requests_total,nbd15,172.18.0.3:9100,prometheus.scrape.annotated_pods
2025-07-12 05:57:28,0,node_disk_flush_requests_total,nbd15,172.18.0.3:9100,prometheus.scrape.annotated_pods
2025-07-12 05:58:28,0,node_disk_flush_requests_total,nbd15,172.18.0.3:9100,prometheus.scrape.annotated_pods
2025-07-12 05:59:28,0,node_disk_flush_requests_total,nbd15,172.18.0.3:9100,prometheus.scrape.annotated_pods
2025-07-12 06:00:28,0,node_disk_flush_requests_total,nbd15,172.18.0.3:9100,prometheus.scrape.annotated_pods
2025-07-12 06:01:28,0,node_disk_flush_requests_total,nbd15,172.18.0.3:9100,prometheus.scrape.annotated_pods
2025-07-12 06:02:28,0,node_disk_flush_requests_total,nbd15,172.18.0.3:9100,prometheus.scrape.annotated_pods
2025-07-12 06:03:28,0,node_disk_flush_requests_total,nbd15,172.18.0.3:9100,prometheus.scrape.annotated_pods
2025-07-12 06:04:28,0,node_disk_flush_requests_total,nbd15,172.18.0.3:9100,prometheus.scrape.annotated_pods
2025-07-12 06:05:28,0,node_disk_flush_requests_total,nbd15,172.18.0.3:9100,prometheus.scrape.annotated_pods
2025-07-12 06:06:28,0,node_disk_flush_requests_total,nbd15,172.18.0.3:9100,prometheus.scrape.annotated_pods
2025-07-12 06:07:28,0,node_disk_flush_requests_total,nbd15,172.18.0.3:9100,prometheus.scrape.annotated_pods
2025-07-12 06:08:28,0,node_disk_flush_requests_total,nbd15,172.18.0.3:9100,prometheus.scrape.annotated_pods
2025-07-12 06:09:28,0,node_disk_flush_requests_total,nbd15,172.18.0.3:9100,prometheus.scrape.annotated_pods
2025-07-12 06:10:28,0,node_disk_flush_requests_total,nbd15,172.18.0.3:9100,prometheus.scrape.annotated_pods
2025-07-12 06:11:28,0,node_disk_flush_requests_total,nbd15,172.18.0.3:9100,prometheus.scrape.annotated_pods
2025-07-12 06:12:28,0,node_disk_flush_requests_total,nbd15,172.18.0.3:9100,prometheus.scrape.annotated_pods
2025-07-12 06:13:28,0,node_disk_flush_requests_total,nbd15,172.18.0.3:9100,prometheus.scrape.annotated_pods
2025-07-12 05:29:28,0,node_disk_flush_requests_total,nbd15,172.18.0.4:9100,prometheus.scrape.annotated_pods
2025-07-12 05:30:28,0,node_disk_flush_requests_total,nbd15,172.18.0.4:9100,prometheus.scrape.annotated_pods
2025-07-12 05:31:28,0,node_disk_flush_requests_total,nbd15,172.18.0.4:9100,prometheus.scrape.annotated_pods
2025-07-12 05:32:28,0,node_disk_flush_requests_total,nbd15,172.18.0.4:9100,prometheus.scrape.annotated_pods
2025-07-12 05:33:28,0,node_disk_flush_requests_total,nbd15,172.18.0.4:9100,prometheus.scrape.annotated_pods
2025-07-12 05:34:28,0,node_disk_flush_requests_total,nbd15,172.18.0.4:9100,prometheus.scrape.annotated_pods
2025-07-12 05:35:28,0,node_disk_flush_requests_total,nbd15,172.18.0.4:9100,prometheus.scrape.annotated_pods
2025-07-12 05:36:28,0,node_disk_flush_requests_total,nbd15,172.18.0.4:9100,prometheus.scrape.annotated_pods
2025-07-12 05:37:28,0,node_disk_flush_requests_total,nbd15,172.18.0.4:9100,prometheus.scrape.annotated_pods
2025-07-12 05:38:28,0,node_disk_flush_requests_total,nbd15,172.18.0.4:9100,prometheus.scrape.annotated_pods
2025-07-12 05:39:28,0,node_disk_flush_requests_total,nbd15,172.18.0.4:9100,prometheus.scrape.annotated_pods
2025-07-12 05:40:28,0,node_disk_flush_requests_total,nbd15,172.18.0.4:9100,prometheus.scrape.annotated_pods
2025-07-12 05:41:28,0,node_disk_flush_requests_total,nbd15,172.18.0.4:9100,prometheus.scrape.annotated_pods
2025-07-12 05:42:28,0,node_disk_flush_requests_total,nbd15,172.18.0.4:9100,prometheus.scrape.annotated_pods
2025-07-12 05:43:28,0,node_disk_flush_requests_total,nbd15,172.18.0.4:9100,prometheus.scrape.annotated_pods
2025-07-12 05:44:28,0,node_disk_flush_requests_total,nbd15,172.18.0.4:9100,prometheus.scrape.annotated_pods
2025-07-12 05:45:28,0,node_disk_flush_requests_total,nbd15,172.18.0.4:9100,prometheus.scrape.annotated_pods
2025-07-12 05:46:28,0,node_disk_flush_requests_total,nbd15,172.18.0.4:9100,prometheus.scrape.annotated_pods
2025-07-12 05:47:28,0,node_disk_flush_requests_total,nbd15,172.18.0.4:9100,prometheus.scrape.annotated_pods
2025-07-12 05:48:28,0,node_disk_flush_requests_total,nbd15,172.18.0.4:9100,prometheus.scrape.annotated_pods
2025-07-12 05:49:28,0,node_disk_flush_requests_total,nbd15,172.18.0.4:9100,prometheus.scrape.annotated_pods
2025-07-12 05:50:28,0,node_disk_flush_requests_total,nbd15,172.18.0.4:9100,prometheus.scrape.annotated_pods
2025-07-12 05:51:28,0,node_disk_flush_requests_total,nbd15,172.18.0.4:9100,prometheus.scrape.annotated_pods
2025-07-12 05:52:28,0,node_disk_flush_requests_total,nbd15,172.18.0.4:9100,prometheus.scrape.annotated_pods
2025-07-12 05:53:28,0,node_disk_flush_requests_total,nbd15,172.18.0.4:9100,prometheus.scrape.annotated_pods
2025-07-12 05:54:28,0,node_disk_flush_requests_total,nbd15,172.18.0.4:9100,prometheus.scrape.annotated_pods
2025-07-12 05:55:28,0,node_disk_flush_requests_total,nbd15,172.18.0.4:9100,prometheus.scrape.annotated_pods
2025-07-12 05:56:28,0,node_disk_flush_requests_total,nbd15,172.18.0.4:9100,prometheus.scrape.annotated_pods
2025-07-12 05:57:28,0,node_disk_flush_requests_total,nbd15,172.18.0.4:9100,prometheus.scrape.annotated_pods
2025-07-12 05:58:28,0,node_disk_flush_requests_total,nbd15,172.18.0.4:9100,prometheus.scrape.annotated_pods
2025-07-12 05:59:28,0,node_disk_flush_requests_total,nbd15,172.18.0.4:9100,prometheus.scrape.annotated_pods
2025-07-12 06:00:28,0,node_disk_flush_requests_total,nbd15,172.18.0.4:9100,prometheus.scrape.annotated_pods
2025-07-12 06:01:28,0,node_disk_flush_requests_total,nbd15,172.18.0.4:9100,prometheus.scrape.annotated_pods
2025-07-12 06:02:28,0,node_disk_flush_requests_total,nbd15,172.18.0.4:9100,prometheus.scrape.annotated_pods
2025-07-12 06:03:28,0,node_disk_flush_requests_total,nbd15,172.18.0.4:9100,prometheus.scrape.annotated_pods
2025-07-12 06:04:28,0,node_disk_flush_requests_total,nbd15,172.18.0.4:9100,prometheus.scrape.annotated_pods
2025-07-12 06:05:28,0,node_disk_flush_requests_total,nbd15,172.18.0.4:9100,prometheus.scrape.annotated_pods
2025-07-12 06:06:28,0,node_disk_flush_requests_total,nbd15,172.18.0.4:9100,prometheus.scrape.annotated_pods
2025-07-12 06:07:28,0,node_disk_flush_requests_total,nbd15,172.18.0.4:9100,prometheus.scrape.annotated_pods
2025-07-12 06:08:28,0,node_disk_flush_requests_total,nbd15,172.18.0.4:9100,prometheus.scrape.annotated_pods
2025-07-12 06:09:28,0,node_disk_flush_requests_total,nbd15,172.18.0.4:9100,prometheus.scrape.annotated_pods
2025-07-12 06:10:28,0,node_disk_flush_requests_total,nbd15,172.18.0.4:9100,prometheus.scrape.annotated_pods
2025-07-12 06:11:28,0,node_disk_flush_requests_total,nbd15,172.18.0.4:9100,prometheus.scrape.annotated_pods
2025-07-12 06:12:28,0,node_disk_flush_requests_total,nbd15,172.18.0.4:9100,prometheus.scrape.annotated_pods
2025-07-12 06:13:28,0,node_disk_flush_requests_total,nbd15,172.18.0.4:9100,prometheus.scrape.annotated_pods
2025-07-12 05:30:28,0,node_disk_flush_requests_total,nbd15,node-exporter.nimbusguard.svc:9100,prometheus.scrape.node_exporter
2025-07-12 05:31:28,0,node_disk_flush_requests_total,nbd15,node-exporter.nimbusguard.svc:9100,prometheus.scrape.node_exporter
2025-07-12 05:32:28,0,node_disk_flush_requests_total,nbd15,node-exporter.nimbusguard.svc:9100,prometheus.scrape.node_exporter
2025-07-12 05:33:28,0,node_disk_flush_requests_total,nbd15,node-exporter.nimbusguard.svc:9100,prometheus.scrape.node_exporter
2025-07-12 05:34:28,0,node_disk_flush_requests_total,nbd15,node-exporter.nimbusguard.svc:9100,prometheus.scrape.node_exporter
2025-07-12 05:35:28,0,node_disk_flush_requests_total,nbd15,node-exporter.nimbusguard.svc:9100,prometheus.scrape.node_exporter
2025-07-12 05:36:28,0,node_disk_flush_requests_total,nbd15,node-exporter.nimbusguard.svc:9100,prometheus.scrape.node_exporter
2025-07-12 05:37:28,0,node_disk_flush_requests_total,nbd15,node-exporter.nimbusguard.svc:9100,prometheus.scrape.node_exporter
2025-07-12 05:38:28,0,node_disk_flush_requests_total,nbd15,node-exporter.nimbusguard.svc:9100,prometheus.scrape.node_exporter
2025-07-12 05:39:28,0,node_disk_flush_requests_total,nbd15,node-exporter.nimbusguard.svc:9100,prometheus.scrape.node_exporter
2025-07-12 05:40:28,0,node_disk_flush_requests_total,nbd15,node-exporter.nimbusguard.svc:9100,prometheus.scrape.node_exporter
2025-07-12 05:41:28,0,node_disk_flush_requests_total,nbd15,node-exporter.nimbusguard.svc:9100,prometheus.scrape.node_exporter
2025-07-12 05:42:28,0,node_disk_flush_requests_total,nbd15,node-exporter.nimbusguard.svc:9100,prometheus.scrape.node_exporter
2025-07-12 05:43:28,0,node_disk_flush_requests_total,nbd15,node-exporter.nimbusguard.svc:9100,prometheus.scrape.node_exporter
2025-07-12 05:44:28,0,node_disk_flush_requests_total,nbd15,node-exporter.nimbusguard.svc:9100,prometheus.scrape.node_exporter
2025-07-12 05:45:28,0,node_disk_flush_requests_total,nbd15,node-exporter.nimbusguard.svc:9100,prometheus.scrape.node_exporter
2025-07-12 05:46:28,0,node_disk_flush_requests_total,nbd15,node-exporter.nimbusguard.svc:9100,prometheus.scrape.node_exporter
2025-07-12 05:47:28,0,node_disk_flush_requests_total,nbd15,node-exporter.nimbusguard.svc:9100,prometheus.scrape.node_exporter
2025-07-12 05:48:28,0,node_disk_flush_requests_total,nbd15,node-exporter.nimbusguard.svc:9100,prometheus.scrape.node_exporter
2025-07-12 05:49:28,0,node_disk_flush_requests_total,nbd15,node-exporter.nimbusguard.svc:9100,prometheus.scrape.node_exporter
2025-07-12 05:50:28,0,node_disk_flush_requests_total,nbd15,node-exporter.nimbusguard.svc:9100,prometheus.scrape.node_exporter
2025-07-12 05:51:28,0,node_disk_flush_requests_total,nbd15,node-exporter.nimbusguard.svc:9100,prometheus.scrape.node_exporter
2025-07-12 05:52:28,0,node_disk_flush_requests_total,nbd15,node-exporter.nimbusguard.svc:9100,prometheus.scrape.node_exporter
2025-07-12 05:53:28,0,node_disk_flush_requests_total,nbd15,node-exporter.nimbusguard.svc:9100,prometheus.scrape.node_exporter
2025-07-12 05:54:28,0,node_disk_flush_requests_total,nbd15,node-exporter.nimbusguard.svc:9100,prometheus.scrape.node_exporter
2025-07-12 05:55:28,0,node_disk_flush_requests_total,nbd15,node-exporter.nimbusguard.svc:9100,prometheus.scrape.node_exporter
2025-07-12 05:56:28,0,node_disk_flush_requests_total,nbd15,node-exporter.nimbusguard.svc:9100,prometheus.scrape.node_exporter
2025-07-12 05:57:28,0,node_disk_flush_requests_total,nbd15,node-exporter.nimbusguard.svc:9100,prometheus.scrape.node_exporter
2025-07-12 05:58:28,0,node_disk_flush_requests_total,nbd15,node-exporter.nimbusguard.svc:9100,prometheus.scrape.node_exporter
2025-07-12 05:59:28,0,node_disk_flush_requests_total,nbd15,node-exporter.nimbusguard.svc:9100,prometheus.scrape.node_exporter
2025-07-12 06:00:28,0,node_disk_flush_requests_total,nbd15,node-exporter.nimbusguard.svc:9100,prometheus.scrape.node_exporter
2025-07-12 06:01:28,0,node_disk_flush_requests_total,nbd15,node-exporter.nimbusguard.svc:9100,prometheus.scrape.node_exporter
2025-07-12 06:02:28,0,node_disk_flush_requests_total,nbd15,node-exporter.nimbusguard.svc:9100,prometheus.scrape.node_exporter
2025-07-12 06:03:28,0,node_disk_flush_requests_total,nbd15,node-exporter.nimbusguard.svc:9100,prometheus.scrape.node_exporter
2025-07-12 06:04:28,0,node_disk_flush_requests_total,nbd15,node-exporter.nimbusguard.svc:9100,prometheus.scrape.node_exporter
2025-07-12 06:05:28,0,node_disk_flush_requests_total,nbd15,node-exporter.nimbusguard.svc:9100,prometheus.scrape.node_exporter
2025-07-12 06:06:28,0,node_disk_flush_requests_total,nbd15,node-exporter.nimbusguard.svc:9100,prometheus.scrape.node_exporter
2025-07-12 06:07:28,0,node_disk_flush_requests_total,nbd15,node-exporter.nimbusguard.svc:9100,prometheus.scrape.node_exporter
2025-07-12 06:08:28,0,node_disk_flush_requests_total,nbd15,node-exporter.nimbusguard.svc:9100,prometheus.scrape.node_exporter
2025-07-12 06:09:28,0,node_disk_flush_requests_total,nbd15,node-exporter.nimbusguard.svc:9100,prometheus.scrape.node_exporter
2025-07-12 06:10:28,0,node_disk_flush_requests_total,nbd15,node-exporter.nimbusguard.svc:9100,prometheus.scrape.node_exporter
2025-07-12 06:11:28,0,node_disk_flush_requests_total,nbd15,node-exporter.nimbusguard.svc:9100,prometheus.scrape.node_exporter
2025-07-12 06:12:28,0,node_disk_flush_requests_total,nbd15,node-exporter.nimbusguard.svc:9100,prometheus.scrape.node_exporter
2025-07-12 06:13:28,0,node_disk_flush_requests_total,nbd15,node-exporter.nimbusguard.svc:9100,prometheus.scrape.node_exporter
2025-07-12 05:30:28,0,node_disk_flush_requests_total,nbd2,172.18.0.2:9100,prometheus.scrape.annotated_pods
2025-07-12 05:31:28,0,node_disk_flush_requests_total,nbd2,172.18.0.2:9100,prometheus.scrape.annotated_pods
2025-07-12 05:32:28,0,node_disk_flush_requests_total,nbd2,172.18.0.2:9100,prometheus.scrape.annotated_pods
2025-07-12 05:33:28,0,node_disk_flush_requests_total,nbd2,172.18.0.2:9100,prometheus.scrape.annotated_pods
2025-07-12 05:34:28,0,node_disk_flush_requests_total,nbd2,172.18.0.2:9100,prometheus.scrape.annotated_pods
2025-07-12 05:35:28,0,node_disk_flush_requests_total,nbd2,172.18.0.2:9100,prometheus.scrape.annotated_pods
2025-07-12 05:36:28,0,node_disk_flush_requests_total,nbd2,172.18.0.2:9100,prometheus.scrape.annotated_pods
2025-07-12 05:37:28,0,node_disk_flush_requests_total,nbd2,172.18.0.2:9100,prometheus.scrape.annotated_pods
2025-07-12 05:38:28,0,node_disk_flush_requests_total,nbd2,172.18.0.2:9100,prometheus.scrape.annotated_pods
2025-07-12 05:39:28,0,node_disk_flush_requests_total,nbd2,172.18.0.2:9100,prometheus.scrape.annotated_pods
2025-07-12 05:40:28,0,node_disk_flush_requests_total,nbd2,172.18.0.2:9100,prometheus.scrape.annotated_pods
2025-07-12 05:41:28,0,node_disk_flush_requests_total,nbd2,172.18.0.2:9100,prometheus.scrape.annotated_pods
2025-07-12 05:42:28,0,node_disk_flush_requests_total,nbd2,172.18.0.2:9100,prometheus.scrape.annotated_pods
2025-07-12 05:43:28,0,node_disk_flush_requests_total,nbd2,172.18.0.2:9100,prometheus.scrape.annotated_pods
2025-07-12 05:44:28,0,node_disk_flush_requests_total,nbd2,172.18.0.2:9100,prometheus.scrape.annotated_pods
2025-07-12 05:45:28,0,node_disk_flush_requests_total,nbd2,172.18.0.2:9100,prometheus.scrape.annotated_pods
2025-07-12 05:46:28,0,node_disk_flush_requests_total,nbd2,172.18.0.2:9100,prometheus.scrape.annotated_pods
2025-07-12 05:47:28,0,node_disk_flush_requests_total,nbd2,172.18.0.2:9100,prometheus.scrape.annotated_pods
2025-07-12 05:48:28,0,node_disk_flush_requests_total,nbd2,172.18.0.2:9100,prometheus.scrape.annotated_pods
2025-07-12 05:49:28,0,node_disk_flush_requests_total,nbd2,172.18.0.2:9100,prometheus.scrape.annotated_pods
2025-07-12 05:50:28,0,node_disk_flush_requests_total,nbd2,172.18.0.2:9100,prometheus.scrape.annotated_pods
2025-07-12 05:51:28,0,node_disk_flush_requests_total,nbd2,172.18.0.2:9100,prometheus.scrape.annotated_pods
2025-07-12 05:52:28,0,node_disk_flush_requests_total,nbd2,172.18.0.2:9100,prometheus.scrape.annotated_pods
2025-07-12 05:53:28,0,node_disk_flush_requests_total,nbd2,172.18.0.2:9100,prometheus.scrape.annotated_pods
2025-07-12 05:54:28,0,node_disk_flush_requests_total,nbd2,172.18.0.2:9100,prometheus.scrape.annotated_pods
2025-07-12 05:55:28,0,node_disk_flush_requests_total,nbd2,172.18.0.2:9100,prometheus.scrape.annotated_pods
2025-07-12 05:56:28,0,node_disk_flush_requests_total,nbd2,172.18.0.2:9100,prometheus.scrape.annotated_pods
2025-07-12 05:57:28,0,node_disk_flush_requests_total,nbd2,172.18.0.2:9100,prometheus.scrape.annotated_pods
2025-07-12 05:58:28,0,node_disk_flush_requests_total,nbd2,172.18.0.2:9100,prometheus.scrape.annotated_pods
2025-07-12 05:59:28,0,node_disk_flush_requests_total,nbd2,172.18.0.2:9100,prometheus.scrape.annotated_pods
2025-07-12 06:00:28,0,node_disk_flush_requests_total,nbd2,172.18.0.2:9100,prometheus.scrape.annotated_pods
2025-07-12 06:01:28,0,node_disk_flush_requests_total,nbd2,172.18.0.2:9100,prometheus.scrape.annotated_pods
2025-07-12 06:02:28,0,node_disk_flush_requests_total,nbd2,172.18.0.2:9100,prometheus.scrape.annotated_pods
2025-07-12 06:03:28,0,node_disk_flush_requests_total,nbd2,172.18.0.2:9100,prometheus.scrape.annotated_pods
2025-07-12 06:04:28,0,node_disk_flush_requests_total,nbd2,172.18.0.2:9100,prometheus.scrape.annotated_pods
2025-07-12 06:05:28,0,node_disk_flush_requests_total,nbd2,172.18.0.2:9100,prometheus.scrape.annotated_pods
2025-07-12 06:06:28,0,node_disk_flush_requests_total,nbd2,172.18.0.2:9100,prometheus.scrape.annotated_pods
2025-07-12 06:07:28,0,node_disk_flush_requests_total,nbd2,172.18.0.2:9100,prometheus.scrape.annotated_pods
2025-07-12 06:08:28,0,node_disk_flush_requests_total,nbd2,172.18.0.2:9100,prometheus.scrape.annotated_pods
2025-07-12 06:09:28,0,node_disk_flush_requests_total,nbd2,172.18.0.2:9100,prometheus.scrape.annotated_pods
2025-07-12 06:10:28,0,node_disk_flush_requests_total,nbd2,172.18.0.2:9100,prometheus.scrape.annotated_pods
2025-07-12 06:11:28,0,node_disk_flush_requests_total,nbd2,172.18.0.2:9100,prometheus.scrape.annotated_pods
2025-07-12 06:12:28,0,node_disk_flush_requests_total,nbd2,172.18.0.2:9100,prometheus.scrape.annotated_pods
2025-07-12 06:13:28,0,node_disk_flush_requests_total,nbd2,172.18.0.2:9100,prometheus.scrape.annotated_pods
2025-07-12 05:29:28,0,node_disk_flush_requests_total,nbd2,172.18.0.3:9100,prometheus.scrape.annotated_pods
2025-07-12 05:30:28,0,node_disk_flush_requests_total,nbd2,172.18.0.3:9100,prometheus.scrape.annotated_pods
2025-07-12 05:31:28,0,node_disk_flush_requests_total,nbd2,172.18.0.3:9100,prometheus.scrape.annotated_pods
2025-07-12 05:32:28,0,node_disk_flush_requests_total,nbd2,172.18.0.3:9100,prometheus.scrape.annotated_pods
2025-07-12 05:33:28,0,node_disk_flush_requests_total,nbd2,172.18.0.3:9100,prometheus.scrape.annotated_pods
2025-07-12 05:34:28,0,node_disk_flush_requests_total,nbd2,172.18.0.3:9100,prometheus.scrape.annotated_pods
2025-07-12 05:35:28,0,node_disk_flush_requests_total,nbd2,172.18.0.3:9100,prometheus.scrape.annotated_pods
2025-07-12 05:36:28,0,node_disk_flush_requests_total,nbd2,172.18.0.3:9100,prometheus.scrape.annotated_pods
2025-07-12 05:37:28,0,node_disk_flush_requests_total,nbd2,172.18.0.3:9100,prometheus.scrape.annotated_pods
2025-07-12 05:38:28,0,node_disk_flush_requests_total,nbd2,172.18.0.3:9100,prometheus.scrape.annotated_pods
2025-07-12 05:39:28,0,node_disk_flush_requests_total,nbd2,172.18.0.3:9100,prometheus.scrape.annotated_pods
2025-07-12 05:40:28,0,node_disk_flush_requests_total,nbd2,172.18.0.3:9100,prometheus.scrape.annotated_pods
2025-07-12 05:41:28,0,node_disk_flush_requests_total,nbd2,172.18.0.3:9100,prometheus.scrape.annotated_pods
2025-07-12 05:42:28,0,node_disk_flush_requests_total,nbd2,172.18.0.3:9100,prometheus.scrape.annotated_pods
2025-07-12 05:43:28,0,node_disk_flush_requests_total,nbd2,172.18.0.3:9100,prometheus.scrape.annotated_pods
2025-07-12 05:44:28,0,node_disk_flush_requests_total,nbd2,172.18.0.3:9100,prometheus.scrape.annotated_pods
2025-07-12 05:45:28,0,node_disk_flush_requests_total,nbd2,172.18.0.3:9100,prometheus.scrape.annotated_pods
2025-07-12 05:46:28,0,node_disk_flush_requests_total,nbd2,172.18.0.3:9100,prometheus.scrape.annotated_pods
2025-07-12 05:47:28,0,node_disk_flush_requests_total,nbd2,172.18.0.3:9100,prometheus.scrape.annotated_pods
2025-07-12 05:48:28,0,node_disk_flush_requests_total,nbd2,172.18.0.3:9100,prometheus.scrape.annotated_pods
2025-07-12 05:49:28,0,node_disk_flush_requests_total,nbd2,172.18.0.3:9100,prometheus.scrape.annotated_pods
2025-07-12 05:50:28,0,node_disk_flush_requests_total,nbd2,172.18.0.3:9100,prometheus.scrape.annotated_pods
2025-07-12 05:51:28,0,node_disk_flush_requests_total,nbd2,172.18.0.3:9100,prometheus.scrape.annotated_pods
2025-07-12 05:52:28,0,node_disk_flush_requests_total,nbd2,172.18.0.3:9100,prometheus.scrape.annotated_pods
2025-07-12 05:53:28,0,node_disk_flush_requests_total,nbd2,172.18.0.3:9100,prometheus.scrape.annotated_pods
2025-07-12 05:54:28,0,node_disk_flush_requests_total,nbd2,172.18.0.3:9100,prometheus.scrape.annotated_pods
2025-07-12 05:55:28,0,node_disk_flush_requests_total,nbd2,172.18.0.3:9100,prometheus.scrape.annotated_pods
2025-07-12 05:56:28,0,node_disk_flush_requests_total,nbd2,172.18.0.3:9100,prometheus.scrape.annotated_pods
2025-07-12 05:57:28,0,node_disk_flush_requests_total,nbd2,172.18.0.3:9100,prometheus.scrape.annotated_pods
2025-07-12 05:58:28,0,node_disk_flush_requests_total,nbd2,172.18.0.3:9100,prometheus.scrape.annotated_pods
2025-07-12 05:59:28,0,node_disk_flush_requests_total,nbd2,172.18.0.3:9100,prometheus.scrape.annotated_pods
2025-07-12 06:00:28,0,node_disk_flush_requests_total,nbd2,172.18.0.3:9100,prometheus.scrape.annotated_pods
2025-07-12 06:01:28,0,node_disk_flush_requests_total,nbd2,172.18.0.3:9100,prometheus.scrape.annotated_pods
2025-07-12 06:02:28,0,node_disk_flush_requests_total,nbd2,172.18.0.3:9100,prometheus.scrape.annotated_pods
2025-07-12 06:03:28,0,node_disk_flush_requests_total,nbd2,172.18.0.3:9100,prometheus.scrape.annotated_pods
2025-07-12 06:04:28,0,node_disk_flush_requests_total,nbd2,172.18.0.3:9100,prometheus.scrape.annotated_pods
2025-07-12 06:05:28,0,node_disk_flush_requests_total,nbd2,172.18.0.3:9100,prometheus.scrape.annotated_pods
2025-07-12 06:06:28,0,node_disk_flush_requests_total,nbd2,172.18.0.3:9100,prometheus.scrape.annotated_pods
2025-07-12 06:07:28,0,node_disk_flush_requests_total,nbd2,172.18.0.3:9100,prometheus.scrape.annotated_pods
2025-07-12 06:08:28,0,node_disk_flush_requests_total,nbd2,172.18.0.3:9100,prometheus.scrape.annotated_pods
2025-07-12 06:09:28,0,node_disk_flush_requests_total,nbd2,172.18.0.3:9100,prometheus.scrape.annotated_pods
2025-07-12 06:10:28,0,node_disk_flush_requests_total,nbd2,172.18.0.3:9100,prometheus.scrape.annotated_pods
2025-07-12 06:11:28,0,node_disk_flush_requests_total,nbd2,172.18.0.3:9100,prometheus.scrape.annotated_pods
2025-07-12 06:12:28,0,node_disk_flush_requests_total,nbd2,172.18.0.3:9100,prometheus.scrape.annotated_pods
2025-07-12 06:13:28,0,node_disk_flush_requests_total,nbd2,172.18.0.3:9100,prometheus.scrape.annotated_pods
2025-07-12 05:29:28,0,node_disk_flush_requests_total,nbd2,172.18.0.4:9100,prometheus.scrape.annotated_pods
2025-07-12 05:30:28,0,node_disk_flush_requests_total,nbd2,172.18.0.4:9100,prometheus.scrape.annotated_pods
2025-07-12 05:31:28,0,node_disk_flush_requests_total,nbd2,172.18.0.4:9100,prometheus.scrape.annotated_pods
2025-07-12 05:32:28,0,node_disk_flush_requests_total,nbd2,172.18.0.4:9100,prometheus.scrape.annotated_pods
2025-07-12 05:33:28,0,node_disk_flush_requests_total,nbd2,172.18.0.4:9100,prometheus.scrape.annotated_pods
2025-07-12 05:34:28,0,node_disk_flush_requests_total,nbd2,172.18.0.4:9100,prometheus.scrape.annotated_pods
2025-07-12 05:35:28,0,node_disk_flush_requests_total,nbd2,172.18.0.4:9100,prometheus.scrape.annotated_pods
2025-07-12 05:36:28,0,node_disk_flush_requests_total,nbd2,172.18.0.4:9100,prometheus.scrape.annotated_pods
2025-07-12 05:37:28,0,node_disk_flush_requests_total,nbd2,172.18.0.4:9100,prometheus.scrape.annotated_pods
2025-07-12 05:38:28,0,node_disk_flush_requests_total,nbd2,172.18.0.4:9100,prometheus.scrape.annotated_pods
2025-07-12 05:39:28,0,node_disk_flush_requests_total,nbd2,172.18.0.4:9100,prometheus.scrape.annotated_pods
2025-07-12 05:40:28,0,node_disk_flush_requests_total,nbd2,172.18.0.4:9100,prometheus.scrape.annotated_pods
2025-07-12 05:41:28,0,node_disk_flush_requests_total,nbd2,172.18.0.4:9100,prometheus.scrape.annotated_pods
2025-07-12 05:42:28,0,node_disk_flush_requests_total,nbd2,172.18.0.4:9100,prometheus.scrape.annotated_pods
2025-07-12 05:43:28,0,node_disk_flush_requests_total,nbd2,172.18.0.4:9100,prometheus.scrape.annotated_pods
2025-07-12 05:44:28,0,node_disk_flush_requests_total,nbd2,172.18.0.4:9100,prometheus.scrape.annotated_pods
2025-07-12 05:45:28,0,node_disk_flush_requests_total,nbd2,172.18.0.4:9100,prometheus.scrape.annotated_pods
2025-07-12 05:46:28,0,node_disk_flush_requests_total,nbd2,172.18.0.4:9100,prometheus.scrape.annotated_pods
2025-07-12 05:47:28,0,node_disk_flush_requests_total,nbd2,172.18.0.4:9100,prometheus.scrape.annotated_pods
2025-07-12 05:48:28,0,node_disk_flush_requests_total,nbd2,172.18.0.4:9100,prometheus.scrape.annotated_pods
2025-07-12 05:49:28,0,node_disk_flush_requests_total,nbd2,172.18.0.4:9100,prometheus.scrape.annotated_pods
2025-07-12 05:50:28,0,node_disk_flush_requests_total,nbd2,172.18.0.4:9100,prometheus.scrape.annotated_pods
2025-07-12 05:51:28,0,node_disk_flush_requests_total,nbd2,172.18.0.4:9100,prometheus.scrape.annotated_pods
2025-07-12 05:52:28,0,node_disk_flush_requests_total,nbd2,172.18.0.4:9100,prometheus.scrape.annotated_pods
2025-07-12 05:53:28,0,node_disk_flush_requests_total,nbd2,172.18.0.4:9100,prometheus.scrape.annotated_pods
2025-07-12 05:54:28,0,node_disk_flush_requests_total,nbd2,172.18.0.4:9100,prometheus.scrape.annotated_pods
2025-07-12 05:55:28,0,node_disk_flush_requests_total,nbd2,172.18.0.4:9100,prometheus.scrape.annotated_pods
2025-07-12 05:56:28,0,node_disk_flush_requests_total,nbd2,172.18.0.4:9100,prometheus.scrape.annotated_pods
2025-07-12 05:57:28,0,node_disk_flush_requests_total,nbd2,172.18.0.4:9100,prometheus.scrape.annotated_pods
2025-07-12 05:58:28,0,node_disk_flush_requests_total,nbd2,172.18.0.4:9100,prometheus.scrape.annotated_pods
2025-07-12 05:59:28,0,node_disk_flush_requests_total,nbd2,172.18.0.4:9100,prometheus.scrape.annotated_pods
2025-07-12 06:00:28,0,node_disk_flush_requests_total,nbd2,172.18.0.4:9100,prometheus.scrape.annotated_pods
2025-07-12 06:01:28,0,node_disk_flush_requests_total,nbd2,172.18.0.4:9100,prometheus.scrape.annotated_pods
2025-07-12 06:02:28,0,node_disk_flush_requests_total,nbd2,172.18.0.4:9100,prometheus.scrape.annotated_pods
2025-07-12 06:03:28,0,node_disk_flush_requests_total,nbd2,172.18.0.4:9100,prometheus.scrape.annotated_pods
2025-07-12 06:04:28,0,node_disk_flush_requests_total,nbd2,172.18.0.4:9100,prometheus.scrape.annotated_pods
2025-07-12 06:05:28,0,node_disk_flush_requests_total,nbd2,172.18.0.4:9100,prometheus.scrape.annotated_pods
2025-07-12 06:06:28,0,node_disk_flush_requests_total,nbd2,172.18.0.4:9100,prometheus.scrape.annotated_pods
2025-07-12 06:07:28,0,node_disk_flush_requests_total,nbd2,172.18.0.4:9100,prometheus.scrape.annotated_pods
2025-07-12 06:08:28,0,node_disk_flush_requests_total,nbd2,172.18.0.4:9100,prometheus.scrape.annotated_pods
2025-07-12 06:09:28,0,node_disk_flush_requests_total,nbd2,172.18.0.4:9100,prometheus.scrape.annotated_pods
2025-07-12 06:10:28,0,node_disk_flush_requests_total,nbd2,172.18.0.4:9100,prometheus.scrape.annotated_pods
2025-07-12 06:11:28,0,node_disk_flush_requests_total,nbd2,172.18.0.4:9100,prometheus.scrape.annotated_pods
2025-07-12 06:12:28,0,node_disk_flush_requests_total,nbd2,172.18.0.4:9100,prometheus.scrape.annotated_pods
2025-07-12 06:13:28,0,node_disk_flush_requests_total,nbd2,172.18.0.4:9100,prometheus.scrape.annotated_pods
2025-07-12 05:30:28,0,node_disk_flush_requests_total,nbd2,node-exporter.nimbusguard.svc:9100,prometheus.scrape.node_exporter
2025-07-12 05:31:28,0,node_disk_flush_requests_total,nbd2,node-exporter.nimbusguard.svc:9100,prometheus.scrape.node_exporter
2025-07-12 05:32:28,0,node_disk_flush_requests_total,nbd2,node-exporter.nimbusguard.svc:9100,prometheus.scrape.node_exporter
2025-07-12 05:33:28,0,node_disk_flush_requests_total,nbd2,node-exporter.nimbusguard.svc:9100,prometheus.scrape.node_exporter
2025-07-12 05:34:28,0,node_disk_flush_requests_total,nbd2,node-exporter.nimbusguard.svc:9100,prometheus.scrape.node_exporter
2025-07-12 05:35:28,0,node_disk_flush_requests_total,nbd2,node-exporter.nimbusguard.svc:9100,prometheus.scrape.node_exporter
2025-07-12 05:36:28,0,node_disk_flush_requests_total,nbd2,node-exporter.nimbusguard.svc:9100,prometheus.scrape.node_exporter
2025-07-12 05:37:28,0,node_disk_flush_requests_total,nbd2,node-exporter.nimbusguard.svc:9100,prometheus.scrape.node_exporter
2025-07-12 05:38:28,0,node_disk_flush_requests_total,nbd2,node-exporter.nimbusguard.svc:9100,prometheus.scrape.node_exporter
2025-07-12 05:39:28,0,node_disk_flush_requests_total,nbd2,node-exporter.nimbusguard.svc:9100,prometheus.scrape.node_exporter
2025-07-12 05:40:28,0,node_disk_flush_requests_total,nbd2,node-exporter.nimbusguard.svc:9100,prometheus.scrape.node_exporter
2025-07-12 05:41:28,0,node_disk_flush_requests_total,nbd2,node-exporter.nimbusguard.svc:9100,prometheus.scrape.node_exporter
2025-07-12 05:42:28,0,node_disk_flush_requests_total,nbd2,node-exporter.nimbusguard.svc:9100,prometheus.scrape.node_exporter
2025-07-12 05:43:28,0,node_disk_flush_requests_total,nbd2,node-exporter.nimbusguard.svc:9100,prometheus.scrape.node_exporter
2025-07-12 05:44:28,0,node_disk_flush_requests_total,nbd2,node-exporter.nimbusguard.svc:9100,prometheus.scrape.node_exporter
2025-07-12 05:45:28,0,node_disk_flush_requests_total,nbd2,node-exporter.nimbusguard.svc:9100,prometheus.scrape.node_exporter
2025-07-12 05:46:28,0,node_disk_flush_requests_total,nbd2,node-exporter.nimbusguard.svc:9100,prometheus.scrape.node_exporter
2025-07-12 05:47:28,0,node_disk_flush_requests_total,nbd2,node-exporter.nimbusguard.svc:9100,prometheus.scrape.node_exporter
2025-07-12 05:48:28,0,node_disk_flush_requests_total,nbd2,node-exporter.nimbusguard.svc:9100,prometheus.scrape.node_exporter
2025-07-12 05:49:28,0,node_disk_flush_requests_total,nbd2,node-exporter.nimbusguard.svc:9100,prometheus.scrape.node_exporter
2025-07-12 05:50:28,0,node_disk_flush_requests_total,nbd2,node-exporter.nimbusguard.svc:9100,prometheus.scrape.node_exporter
2025-07-12 05:51:28,0,node_disk_flush_requests_total,nbd2,node-exporter.nimbusguard.svc:9100,prometheus.scrape.node_exporter
2025-07-12 05:52:28,0,node_disk_flush_requests_total,nbd2,node-exporter.nimbusguard.svc:9100,prometheus.scrape.node_exporter
2025-07-12 05:53:28,0,node_disk_flush_requests_total,nbd2,node-exporter.nimbusguard.svc:9100,prometheus.scrape.node_exporter
2025-07-12 05:54:28,0,node_disk_flush_requests_total,nbd2,node-exporter.nimbusguard.svc:9100,prometheus.scrape.node_exporter
2025-07-12 05:55:28,0,node_disk_flush_requests_total,nbd2,node-exporter.nimbusguard.svc:9100,prometheus.scrape.node_exporter
2025-07-12 05:56:28,0,node_disk_flush_requests_total,nbd2,node-exporter.nimbusguard.svc:9100,prometheus.scrape.node_exporter
2025-07-12 05:57:28,0,node_disk_flush_requests_total,nbd2,node-exporter.nimbusguard.svc:9100,prometheus.scrape.node_exporter
2025-07-12 05:58:28,0,node_disk_flush_requests_total,nbd2,node-exporter.nimbusguard.svc:9100,prometheus.scrape.node_exporter
2025-07-12 05:59:28,0,node_disk_flush_requests_total,nbd2,node-exporter.nimbusguard.svc:9100,prometheus.scrape.node_exporter
2025-07-12 06:00:28,0,node_disk_flush_requests_total,nbd2,node-exporter.nimbusguard.svc:9100,prometheus.scrape.node_exporter
2025-07-12 06:01:28,0,node_disk_flush_requests_total,nbd2,node-exporter.nimbusguard.svc:9100,prometheus.scrape.node_exporter
2025-07-12 06:02:28,0,node_disk_flush_requests_total,nbd2,node-exporter.nimbusguard.svc:9100,prometheus.scrape.node_exporter
2025-07-12 06:03:28,0,node_disk_flush_requests_total,nbd2,node-exporter.nimbusguard.svc:9100,prometheus.scrape.node_exporter
2025-07-12 06:04:28,0,node_disk_flush_requests_total,nbd2,node-exporter.nimbusguard.svc:9100,prometheus.scrape.node_exporter
2025-07-12 06:05:28,0,node_disk_flush_requests_total,nbd2,node-exporter.nimbusguard.svc:9100,prometheus.scrape.node_exporter
2025-07-12 06:06:28,0,node_disk_flush_requests_total,nbd2,node-exporter.nimbusguard.svc:9100,prometheus.scrape.node_exporter
2025-07-12 06:07:28,0,node_disk_flush_requests_total,nbd2,node-exporter.nimbusguard.svc:9100,prometheus.scrape.node_exporter
2025-07-12 06:08:28,0,node_disk_flush_requests_total,nbd2,node-exporter.nimbusguard.svc:9100,prometheus.scrape.node_exporter
2025-07-12 06:09:28,0,node_disk_flush_requests_total,nbd2,node-exporter.nimbusguard.svc:9100,prometheus.scrape.node_exporter
2025-07-12 06:10:28,0,node_disk_flush_requests_total,nbd2,node-exporter.nimbusguard.svc:9100,prometheus.scrape.node_exporter
2025-07-12 06:11:28,0,node_disk_flush_requests_total,nbd2,node-exporter.nimbusguard.svc:9100,prometheus.scrape.node_exporter
2025-07-12 06:12:28,0,node_disk_flush_requests_total,nbd2,node-exporter.nimbusguard.svc:9100,prometheus.scrape.node_exporter
2025-07-12 06:13:28,0,node_disk_flush_requests_total,nbd2,node-exporter.nimbusguard.svc:9100,prometheus.scrape.node_exporter
2025-07-12 05:30:28,0,node_disk_flush_requests_total,nbd3,172.18.0.2:9100,prometheus.scrape.annotated_pods
2025-07-12 05:31:28,0,node_disk_flush_requests_total,nbd3,172.18.0.2:9100,prometheus.scrape.annotated_pods
2025-07-12 05:32:28,0,node_disk_flush_requests_total,nbd3,172.18.0.2:9100,prometheus.scrape.annotated_pods
2025-07-12 05:33:28,0,node_disk_flush_requests_total,nbd3,172.18.0.2:9100,prometheus.scrape.annotated_pods
2025-07-12 05:34:28,0,node_disk_flush_requests_total,nbd3,172.18.0.2:9100,prometheus.scrape.annotated_pods
2025-07-12 05:35:28,0,node_disk_flush_requests_total,nbd3,172.18.0.2:9100,prometheus.scrape.annotated_pods
2025-07-12 05:36:28,0,node_disk_flush_requests_total,nbd3,172.18.0.2:9100,prometheus.scrape.annotated_pods
2025-07-12 05:37:28,0,node_disk_flush_requests_total,nbd3,172.18.0.2:9100,prometheus.scrape.annotated_pods
2025-07-12 05:38:28,0,node_disk_flush_requests_total,nbd3,172.18.0.2:9100,prometheus.scrape.annotated_pods
2025-07-12 05:39:28,0,node_disk_flush_requests_total,nbd3,172.18.0.2:9100,prometheus.scrape.annotated_pods
2025-07-12 05:40:28,0,node_disk_flush_requests_total,nbd3,172.18.0.2:9100,prometheus.scrape.annotated_pods
2025-07-12 05:41:28,0,node_disk_flush_requests_total,nbd3,172.18.0.2:9100,prometheus.scrape.annotated_pods
2025-07-12 05:42:28,0,node_disk_flush_requests_total,nbd3,172.18.0.2:9100,prometheus.scrape.annotated_pods
2025-07-12 05:43:28,0,node_disk_flush_requests_total,nbd3,172.18.0.2:9100,prometheus.scrape.annotated_pods
2025-07-12 05:44:28,0,node_disk_flush_requests_total,nbd3,172.18.0.2:9100,prometheus.scrape.annotated_pods
2025-07-12 05:45:28,0,node_disk_flush_requests_total,nbd3,172.18.0.2:9100,prometheus.scrape.annotated_pods
2025-07-12 05:46:28,0,node_disk_flush_requests_total,nbd3,172.18.0.2:9100,prometheus.scrape.annotated_pods
2025-07-12 05:47:28,0,node_disk_flush_requests_total,nbd3,172.18.0.2:9100,prometheus.scrape.annotated_pods
2025-07-12 05:48:28,0,node_disk_flush_requests_total,nbd3,172.18.0.2:9100,prometheus.scrape.annotated_pods
2025-07-12 05:49:28,0,node_disk_flush_requests_total,nbd3,172.18.0.2:9100,prometheus.scrape.annotated_pods
2025-07-12 05:50:28,0,node_disk_flush_requests_total,nbd3,172.18.0.2:9100,prometheus.scrape.annotated_pods
2025-07-12 05:51:28,0,node_disk_flush_requests_total,nbd3,172.18.0.2:9100,prometheus.scrape.annotated_pods
2025-07-12 05:52:28,0,node_disk_flush_requests_total,nbd3,172.18.0.2:9100,prometheus.scrape.annotated_pods
2025-07-12 05:53:28,0,node_disk_flush_requests_total,nbd3,172.18.0.2:9100,prometheus.scrape.annotated_pods
2025-07-12 05:54:28,0,node_disk_flush_requests_total,nbd3,172.18.0.2:9100,prometheus.scrape.annotated_pods
2025-07-12 05:55:28,0,node_disk_flush_requests_total,nbd3,172.18.0.2:9100,prometheus.scrape.annotated_pods
2025-07-12 05:56:28,0,node_disk_flush_requests_total,nbd3,172.18.0.2:9100,prometheus.scrape.annotated_pods
2025-07-12 05:57:28,0,node_disk_flush_requests_total,nbd3,172.18.0.2:9100,prometheus.scrape.annotated_pods
2025-07-12 05:58:28,0,node_disk_flush_requests_total,nbd3,172.18.0.2:9100,prometheus.scrape.annotated_pods
2025-07-12 05:59:28,0,node_disk_flush_requests_total,nbd3,172.18.0.2:9100,prometheus.scrape.annotated_pods
2025-07-12 06:00:28,0,node_disk_flush_requests_total,nbd3,172.18.0.2:9100,prometheus.scrape.annotated_pods
2025-07-12 06:01:28,0,node_disk_flush_requests_total,nbd3,172.18.0.2:9100,prometheus.scrape.annotated_pods
2025-07-12 06:02:28,0,node_disk_flush_requests_total,nbd3,172.18.0.2:9100,prometheus.scrape.annotated_pods
2025-07-12 06:03:28,0,node_disk_flush_requests_total,nbd3,172.18.0.2:9100,prometheus.scrape.annotated_pods
2025-07-12 06:04:28,0,node_disk_flush_requests_total,nbd3,172.18.0.2:9100,prometheus.scrape.annotated_pods
2025-07-12 06:05:28,0,node_disk_flush_requests_total,nbd3,172.18.0.2:9100,prometheus.scrape.annotated_pods
2025-07-12 06:06:28,0,node_disk_flush_requests_total,nbd3,172.18.0.2:9100,prometheus.scrape.annotated_pods
2025-07-12 06:07:28,0,node_disk_flush_requests_total,nbd3,172.18.0.2:9100,prometheus.scrape.annotated_pods
2025-07-12 06:08:28,0,node_disk_flush_requests_total,nbd3,172.18.0.2:9100,prometheus.scrape.annotated_pods
2025-07-12 06:09:28,0,node_disk_flush_requests_total,nbd3,172.18.0.2:9100,prometheus.scrape.annotated_pods
2025-07-12 06:10:28,0,node_disk_flush_requests_total,nbd3,172.18.0.2:9100,prometheus.scrape.annotated_pods
2025-07-12 06:11:28,0,node_disk_flush_requests_total,nbd3,172.18.0.2:9100,prometheus.scrape.annotated_pods
2025-07-12 06:12:28,0,node_disk_flush_requests_total,nbd3,172.18.0.2:9100,prometheus.scrape.annotated_pods
2025-07-12 06:13:28,0,node_disk_flush_requests_total,nbd3,172.18.0.2:9100,prometheus.scrape.annotated_pods
2025-07-12 05:29:28,0,node_disk_flush_requests_total,nbd3,172.18.0.3:9100,prometheus.scrape.annotated_pods
2025-07-12 05:30:28,0,node_disk_flush_requests_total,nbd3,172.18.0.3:9100,prometheus.scrape.annotated_pods
2025-07-12 05:31:28,0,node_disk_flush_requests_total,nbd3,172.18.0.3:9100,prometheus.scrape.annotated_pods
2025-07-12 05:32:28,0,node_disk_flush_requests_total,nbd3,172.18.0.3:9100,prometheus.scrape.annotated_pods
2025-07-12 05:33:28,0,node_disk_flush_requests_total,nbd3,172.18.0.3:9100,prometheus.scrape.annotated_pods
2025-07-12 05:34:28,0,node_disk_flush_requests_total,nbd3,172.18.0.3:9100,prometheus.scrape.annotated_pods
2025-07-12 05:35:28,0,node_disk_flush_requests_total,nbd3,172.18.0.3:9100,prometheus.scrape.annotated_pods
2025-07-12 05:36:28,0,node_disk_flush_requests_total,nbd3,172.18.0.3:9100,prometheus.scrape.annotated_pods
2025-07-12 05:37:28,0,node_disk_flush_requests_total,nbd3,172.18.0.3:9100,prometheus.scrape.annotated_pods
2025-07-12 05:38:28,0,node_disk_flush_requests_total,nbd3,172.18.0.3:9100,prometheus.scrape.annotated_pods
2025-07-12 05:39:28,0,node_disk_flush_requests_total,nbd3,172.18.0.3:9100,prometheus.scrape.annotated_pods
2025-07-12 05:40:28,0,node_disk_flush_requests_total,nbd3,172.18.0.3:9100,prometheus.scrape.annotated_pods
2025-07-12 05:41:28,0,node_disk_flush_requests_total,nbd3,172.18.0.3:9100,prometheus.scrape.annotated_pods
2025-07-12 05:42:28,0,node_disk_flush_requests_total,nbd3,172.18.0.3:9100,prometheus.scrape.annotated_pods
2025-07-12 05:43:28,0,node_disk_flush_requests_total,nbd3,172.18.0.3:9100,prometheus.scrape.annotated_pods
2025-07-12 05:44:28,0,node_disk_flush_requests_total,nbd3,172.18.0.3:9100,prometheus.scrape.annotated_pods
2025-07-12 05:45:28,0,node_disk_flush_requests_total,nbd3,172.18.0.3:9100,prometheus.scrape.annotated_pods
2025-07-12 05:46:28,0,node_disk_flush_requests_total,nbd3,172.18.0.3:9100,prometheus.scrape.annotated_pods
2025-07-12 05:47:28,0,node_disk_flush_requests_total,nbd3,172.18.0.3:9100,prometheus.scrape.annotated_pods
2025-07-12 05:48:28,0,node_disk_flush_requests_total,nbd3,172.18.0.3:9100,prometheus.scrape.annotated_pods
2025-07-12 05:49:28,0,node_disk_flush_requests_total,nbd3,172.18.0.3:9100,prometheus.scrape.annotated_pods
2025-07-12 05:50:28,0,node_disk_flush_requests_total,nbd3,172.18.0.3:9100,prometheus.scrape.annotated_pods
2025-07-12 05:51:28,0,node_disk_flush_requests_total,nbd3,172.18.0.3:9100,prometheus.scrape.annotated_pods
2025-07-12 05:52:28,0,node_disk_flush_requests_total,nbd3,172.18.0.3:9100,prometheus.scrape.annotated_pods
2025-07-12 05:53:28,0,node_disk_flush_requests_total,nbd3,172.18.0.3:9100,prometheus.scrape.annotated_pods
2025-07-12 05:54:28,0,node_disk_flush_requests_total,nbd3,172.18.0.3:9100,prometheus.scrape.annotated_pods
2025-07-12 05:55:28,0,node_disk_flush_requests_total,nbd3,172.18.0.3:9100,prometheus.scrape.annotated_pods
2025-07-12 05:56:28,0,node_disk_flush_requests_total,nbd3,172.18.0.3:9100,prometheus.scrape.annotated_pods
2025-07-12 05:57:28,0,node_disk_flush_requests_total,nbd3,172.18.0.3:9100,prometheus.scrape.annotated_pods
2025-07-12 05:58:28,0,node_disk_flush_requests_total,nbd3,172.18.0.3:9100,prometheus.scrape.annotated_pods
2025-07-12 05:59:28,0,node_disk_flush_requests_total,nbd3,172.18.0.3:9100,prometheus.scrape.annotated_pods
2025-07-12 06:00:28,0,node_disk_flush_requests_total,nbd3,172.18.0.3:9100,prometheus.scrape.annotated_pods
2025-07-12 06:01:28,0,node_disk_flush_requests_total,nbd3,172.18.0.3:9100,prometheus.scrape.annotated_pods
2025-07-12 06:02:28,0,node_disk_flush_requests_total,nbd3,172.18.0.3:9100,prometheus.scrape.annotated_pods
2025-07-12 06:03:28,0,node_disk_flush_requests_total,nbd3,172.18.0.3:9100,prometheus.scrape.annotated_pods
2025-07-12 06:04:28,0,node_disk_flush_requests_total,nbd3,172.18.0.3:9100,prometheus.scrape.annotated_pods
2025-07-12 06:05:28,0,node_disk_flush_requests_total,nbd3,172.18.0.3:9100,prometheus.scrape.annotated_pods
2025-07-12 06:06:28,0,node_disk_flush_requests_total,nbd3,172.18.0.3:9100,prometheus.scrape.annotated_pods
2025-07-12 06:07:28,0,node_disk_flush_requests_total,nbd3,172.18.0.3:9100,prometheus.scrape.annotated_pods
2025-07-12 06:08:28,0,node_disk_flush_requests_total,nbd3,172.18.0.3:9100,prometheus.scrape.annotated_pods
2025-07-12 06:09:28,0,node_disk_flush_requests_total,nbd3,172.18.0.3:9100,prometheus.scrape.annotated_pods
2025-07-12 06:10:28,0,node_disk_flush_requests_total,nbd3,172.18.0.3:9100,prometheus.scrape.annotated_pods
2025-07-12 06:11:28,0,node_disk_flush_requests_total,nbd3,172.18.0.3:9100,prometheus.scrape.annotated_pods
2025-07-12 06:12:28,0,node_disk_flush_requests_total,nbd3,172.18.0.3:9100,prometheus.scrape.annotated_pods
2025-07-12 06:13:28,0,node_disk_flush_requests_total,nbd3,172.18.0.3:9100,prometheus.scrape.annotated_pods
2025-07-12 05:29:28,0,node_disk_flush_requests_total,nbd3,172.18.0.4:9100,prometheus.scrape.annotated_pods
2025-07-12 05:30:28,0,node_disk_flush_requests_total,nbd3,172.18.0.4:9100,prometheus.scrape.annotated_pods
2025-07-12 05:31:28,0,node_disk_flush_requests_total,nbd3,172.18.0.4:9100,prometheus.scrape.annotated_pods
2025-07-12 05:32:28,0,node_disk_flush_requests_total,nbd3,172.18.0.4:9100,prometheus.scrape.annotated_pods
2025-07-12 05:33:28,0,node_disk_flush_requests_total,nbd3,172.18.0.4:9100,prometheus.scrape.annotated_pods
2025-07-12 05:34:28,0,node_disk_flush_requests_total,nbd3,172.18.0.4:9100,prometheus.scrape.annotated_pods
2025-07-12 05:35:28,0,node_disk_flush_requests_total,nbd3,172.18.0.4:9100,prometheus.scrape.annotated_pods
2025-07-12 05:36:28,0,node_disk_flush_requests_total,nbd3,172.18.0.4:9100,prometheus.scrape.annotated_pods
2025-07-12 05:37:28,0,node_disk_flush_requests_total,nbd3,172.18.0.4:9100,prometheus.scrape.annotated_pods
2025-07-12 05:38:28,0,node_disk_flush_requests_total,nbd3,172.18.0.4:9100,prometheus.scrape.annotated_pods
2025-07-12 05:39:28,0,node_disk_flush_requests_total,nbd3,172.18.0.4:9100,prometheus.scrape.annotated_pods
2025-07-12 05:40:28,0,node_disk_flush_requests_total,nbd3,172.18.0.4:9100,prometheus.scrape.annotated_pods
2025-07-12 05:41:28,0,node_disk_flush_requests_total,nbd3,172.18.0.4:9100,prometheus.scrape.annotated_pods
2025-07-12 05:42:28,0,node_disk_flush_requests_total,nbd3,172.18.0.4:9100,prometheus.scrape.annotated_pods
2025-07-12 05:43:28,0,node_disk_flush_requests_total,nbd3,172.18.0.4:9100,prometheus.scrape.annotated_pods
2025-07-12 05:44:28,0,node_disk_flush_requests_total,nbd3,172.18.0.4:9100,prometheus.scrape.annotated_pods
2025-07-12 05:45:28,0,node_disk_flush_requests_total,nbd3,172.18.0.4:9100,prometheus.scrape.annotated_pods
2025-07-12 05:46:28,0,node_disk_flush_requests_total,nbd3,172.18.0.4:9100,prometheus.scrape.annotated_pods
2025-07-12 05:47:28,0,node_disk_flush_requests_total,nbd3,172.18.0.4:9100,prometheus.scrape.annotated_pods
2025-07-12 05:48:28,0,node_disk_flush_requests_total,nbd3,172.18.0.4:9100,prometheus.scrape.annotated_pods
2025-07-12 05:49:28,0,node_disk_flush_requests_total,nbd3,172.18.0.4:9100,prometheus.scrape.annotated_pods
2025-07-12 05:50:28,0,node_disk_flush_requests_total,nbd3,172.18.0.4:9100,prometheus.scrape.annotated_pods
2025-07-12 05:51:28,0,node_disk_flush_requests_total,nbd3,172.18.0.4:9100,prometheus.scrape.annotated_pods
2025-07-12 05:52:28,0,node_disk_flush_requests_total,nbd3,172.18.0.4:9100,prometheus.scrape.annotated_pods
2025-07-12 05:53:28,0,node_disk_flush_requests_total,nbd3,172.18.0.4:9100,prometheus.scrape.annotated_pods
2025-07-12 05:54:28,0,node_disk_flush_requests_total,nbd3,172.18.0.4:9100,prometheus.scrape.annotated_pods
2025-07-12 05:55:28,0,node_disk_flush_requests_total,nbd3,172.18.0.4:9100,prometheus.scrape.annotated_pods
2025-07-12 05:56:28,0,node_disk_flush_requests_total,nbd3,172.18.0.4:9100,prometheus.scrape.annotated_pods
2025-07-12 05:57:28,0,node_disk_flush_requests_total,nbd3,172.18.0.4:9100,prometheus.scrape.annotated_pods
2025-07-12 05:58:28,0,node_disk_flush_requests_total,nbd3,172.18.0.4:9100,prometheus.scrape.annotated_pods
2025-07-12 05:59:28,0,node_disk_flush_requests_total,nbd3,172.18.0.4:9100,prometheus.scrape.annotated_pods
2025-07-12 06:00:28,0,node_disk_flush_requests_total,nbd3,172.18.0.4:9100,prometheus.scrape.annotated_pods
2025-07-12 06:01:28,0,node_disk_flush_requests_total,nbd3,172.18.0.4:9100,prometheus.scrape.annotated_pods
2025-07-12 06:02:28,0,node_disk_flush_requests_total,nbd3,172.18.0.4:9100,prometheus.scrape.annotated_pods
2025-07-12 06:03:28,0,node_disk_flush_requests_total,nbd3,172.18.0.4:9100,prometheus.scrape.annotated_pods
2025-07-12 06:04:28,0,node_disk_flush_requests_total,nbd3,172.18.0.4:9100,prometheus.scrape.annotated_pods
2025-07-12 06:05:28,0,node_disk_flush_requests_total,nbd3,172.18.0.4:9100,prometheus.scrape.annotated_pods
2025-07-12 06:06:28,0,node_disk_flush_requests_total,nbd3,172.18.0.4:9100,prometheus.scrape.annotated_pods
2025-07-12 06:07:28,0,node_disk_flush_requests_total,nbd3,172.18.0.4:9100,prometheus.scrape.annotated_pods
2025-07-12 06:08:28,0,node_disk_flush_requests_total,nbd3,172.18.0.4:9100,prometheus.scrape.annotated_pods
2025-07-12 06:09:28,0,node_disk_flush_requests_total,nbd3,172.18.0.4:9100,prometheus.scrape.annotated_pods
2025-07-12 06:10:28,0,node_disk_flush_requests_total,nbd3,172.18.0.4:9100,prometheus.scrape.annotated_pods
2025-07-12 06:11:28,0,node_disk_flush_requests_total,nbd3,172.18.0.4:9100,prometheus.scrape.annotated_pods
2025-07-12 06:12:28,0,node_disk_flush_requests_total,nbd3,172.18.0.4:9100,prometheus.scrape.annotated_pods
2025-07-12 06:13:28,0,node_disk_flush_requests_total,nbd3,172.18.0.4:9100,prometheus.scrape.annotated_pods
2025-07-12 05:30:28,0,node_disk_flush_requests_total,nbd3,node-exporter.nimbusguard.svc:9100,prometheus.scrape.node_exporter
2025-07-12 05:31:28,0,node_disk_flush_requests_total,nbd3,node-exporter.nimbusguard.svc:9100,prometheus.scrape.node_exporter
2025-07-12 05:32:28,0,node_disk_flush_requests_total,nbd3,node-exporter.nimbusguard.svc:9100,prometheus.scrape.node_exporter
2025-07-12 05:33:28,0,node_disk_flush_requests_total,nbd3,node-exporter.nimbusguard.svc:9100,prometheus.scrape.node_exporter
2025-07-12 05:34:28,0,node_disk_flush_requests_total,nbd3,node-exporter.nimbusguard.svc:9100,prometheus.scrape.node_exporter
2025-07-12 05:35:28,0,node_disk_flush_requests_total,nbd3,node-exporter.nimbusguard.svc:9100,prometheus.scrape.node_exporter
2025-07-12 05:36:28,0,node_disk_flush_requests_total,nbd3,node-exporter.nimbusguard.svc:9100,prometheus.scrape.node_exporter
2025-07-12 05:37:28,0,node_disk_flush_requests_total,nbd3,node-exporter.nimbusguard.svc:9100,prometheus.scrape.node_exporter
2025-07-12 05:38:28,0,node_disk_flush_requests_total,nbd3,node-exporter.nimbusguard.svc:9100,prometheus.scrape.node_exporter
2025-07-12 05:39:28,0,node_disk_flush_requests_total,nbd3,node-exporter.nimbusguard.svc:9100,prometheus.scrape.node_exporter
2025-07-12 05:40:28,0,node_disk_flush_requests_total,nbd3,node-exporter.nimbusguard.svc:9100,prometheus.scrape.node_exporter
2025-07-12 05:41:28,0,node_disk_flush_requests_total,nbd3,node-exporter.nimbusguard.svc:9100,prometheus.scrape.node_exporter
2025-07-12 05:42:28,0,node_disk_flush_requests_total,nbd3,node-exporter.nimbusguard.svc:9100,prometheus.scrape.node_exporter
2025-07-12 05:43:28,0,node_disk_flush_requests_total,nbd3,node-exporter.nimbusguard.svc:9100,prometheus.scrape.node_exporter
2025-07-12 05:44:28,0,node_disk_flush_requests_total,nbd3,node-exporter.nimbusguard.svc:9100,prometheus.scrape.node_exporter
2025-07-12 05:45:28,0,node_disk_flush_requests_total,nbd3,node-exporter.nimbusguard.svc:9100,prometheus.scrape.node_exporter
2025-07-12 05:46:28,0,node_disk_flush_requests_total,nbd3,node-exporter.nimbusguard.svc:9100,prometheus.scrape.node_exporter
2025-07-12 05:47:28,0,node_disk_flush_requests_total,nbd3,node-exporter.nimbusguard.svc:9100,prometheus.scrape.node_exporter
2025-07-12 05:48:28,0,node_disk_flush_requests_total,nbd3,node-exporter.nimbusguard.svc:9100,prometheus.scrape.node_exporter
2025-07-12 05:49:28,0,node_disk_flush_requests_total,nbd3,node-exporter.nimbusguard.svc:9100,prometheus.scrape.node_exporter
2025-07-12 05:50:28,0,node_disk_flush_requests_total,nbd3,node-exporter.nimbusguard.svc:9100,prometheus.scrape.node_exporter
2025-07-12 05:51:28,0,node_disk_flush_requests_total,nbd3,node-exporter.nimbusguard.svc:9100,prometheus.scrape.node_exporter
2025-07-12 05:52:28,0,node_disk_flush_requests_total,nbd3,node-exporter.nimbusguard.svc:9100,prometheus.scrape.node_exporter
2025-07-12 05:53:28,0,node_disk_flush_requests_total,nbd3,node-exporter.nimbusguard.svc:9100,prometheus.scrape.node_exporter
2025-07-12 05:54:28,0,node_disk_flush_requests_total,nbd3,node-exporter.nimbusguard.svc:9100,prometheus.scrape.node_exporter
2025-07-12 05:55:28,0,node_disk_flush_requests_total,nbd3,node-exporter.nimbusguard.svc:9100,prometheus.scrape.node_exporter
2025-07-12 05:56:28,0,node_disk_flush_requests_total,nbd3,node-exporter.nimbusguard.svc:9100,prometheus.scrape.node_exporter
2025-07-12 05:57:28,0,node_disk_flush_requests_total,nbd3,node-exporter.nimbusguard.svc:9100,prometheus.scrape.node_exporter
2025-07-12 05:58:28,0,node_disk_flush_requests_total,nbd3,node-exporter.nimbusguard.svc:9100,prometheus.scrape.node_exporter
2025-07-12 05:59:28,0,node_disk_flush_requests_total,nbd3,node-exporter.nimbusguard.svc:9100,prometheus.scrape.node_exporter
2025-07-12 06:00:28,0,node_disk_flush_requests_total,nbd3,node-exporter.nimbusguard.svc:9100,prometheus.scrape.node_exporter
2025-07-12 06:01:28,0,node_disk_flush_requests_total,nbd3,node-exporter.nimbusguard.svc:9100,prometheus.scrape.node_exporter
2025-07-12 06:02:28,0,node_disk_flush_requests_total,nbd3,node-exporter.nimbusguard.svc:9100,prometheus.scrape.node_exporter
2025-07-12 06:03:28,0,node_disk_flush_requests_total,nbd3,node-exporter.nimbusguard.svc:9100,prometheus.scrape.node_exporter
2025-07-12 06:04:28,0,node_disk_flush_requests_total,nbd3,node-exporter.nimbusguard.svc:9100,prometheus.scrape.node_exporter
2025-07-12 06:05:28,0,node_disk_flush_requests_total,nbd3,node-exporter.nimbusguard.svc:9100,prometheus.scrape.node_exporter
2025-07-12 06:06:28,0,node_disk_flush_requests_total,nbd3,node-exporter.nimbusguard.svc:9100,prometheus.scrape.node_exporter
2025-07-12 06:07:28,0,node_disk_flush_requests_total,nbd3,node-exporter.nimbusguard.svc:9100,prometheus.scrape.node_exporter
2025-07-12 06:08:28,0,node_disk_flush_requests_total,nbd3,node-exporter.nimbusguard.svc:9100,prometheus.scrape.node_exporter
2025-07-12 06:09:28,0,node_disk_flush_requests_total,nbd3,node-exporter.nimbusguard.svc:9100,prometheus.scrape.node_exporter
2025-07-12 06:10:28,0,node_disk_flush_requests_total,nbd3,node-exporter.nimbusguard.svc:9100,prometheus.scrape.node_exporter
2025-07-12 06:11:28,0,node_disk_flush_requests_total,nbd3,node-exporter.nimbusguard.svc:9100,prometheus.scrape.node_exporter
2025-07-12 06:12:28,0,node_disk_flush_requests_total,nbd3,node-exporter.nimbusguard.svc:9100,prometheus.scrape.node_exporter
2025-07-12 06:13:28,0,node_disk_flush_requests_total,nbd3,node-exporter.nimbusguard.svc:9100,prometheus.scrape.node_exporter
2025-07-12 05:30:28,0,node_disk_flush_requests_total,nbd4,172.18.0.2:9100,prometheus.scrape.annotated_pods
2025-07-12 05:31:28,0,node_disk_flush_requests_total,nbd4,172.18.0.2:9100,prometheus.scrape.annotated_pods
2025-07-12 05:32:28,0,node_disk_flush_requests_total,nbd4,172.18.0.2:9100,prometheus.scrape.annotated_pods
2025-07-12 05:33:28,0,node_disk_flush_requests_total,nbd4,172.18.0.2:9100,prometheus.scrape.annotated_pods
2025-07-12 05:34:28,0,node_disk_flush_requests_total,nbd4,172.18.0.2:9100,prometheus.scrape.annotated_pods
2025-07-12 05:35:28,0,node_disk_flush_requests_total,nbd4,172.18.0.2:9100,prometheus.scrape.annotated_pods
2025-07-12 05:36:28,0,node_disk_flush_requests_total,nbd4,172.18.0.2:9100,prometheus.scrape.annotated_pods
2025-07-12 05:37:28,0,node_disk_flush_requests_total,nbd4,172.18.0.2:9100,prometheus.scrape.annotated_pods
2025-07-12 05:38:28,0,node_disk_flush_requests_total,nbd4,172.18.0.2:9100,prometheus.scrape.annotated_pods
2025-07-12 05:39:28,0,node_disk_flush_requests_total,nbd4,172.18.0.2:9100,prometheus.scrape.annotated_pods
2025-07-12 05:40:28,0,node_disk_flush_requests_total,nbd4,172.18.0.2:9100,prometheus.scrape.annotated_pods
2025-07-12 05:41:28,0,node_disk_flush_requests_total,nbd4,172.18.0.2:9100,prometheus.scrape.annotated_pods
2025-07-12 05:42:28,0,node_disk_flush_requests_total,nbd4,172.18.0.2:9100,prometheus.scrape.annotated_pods
2025-07-12 05:43:28,0,node_disk_flush_requests_total,nbd4,172.18.0.2:9100,prometheus.scrape.annotated_pods
2025-07-12 05:44:28,0,node_disk_flush_requests_total,nbd4,172.18.0.2:9100,prometheus.scrape.annotated_pods
2025-07-12 05:45:28,0,node_disk_flush_requests_total,nbd4,172.18.0.2:9100,prometheus.scrape.annotated_pods
2025-07-12 05:46:28,0,node_disk_flush_requests_total,nbd4,172.18.0.2:9100,prometheus.scrape.annotated_pods
2025-07-12 05:47:28,0,node_disk_flush_requests_total,nbd4,172.18.0.2:9100,prometheus.scrape.annotated_pods
2025-07-12 05:48:28,0,node_disk_flush_requests_total,nbd4,172.18.0.2:9100,prometheus.scrape.annotated_pods
2025-07-12 05:49:28,0,node_disk_flush_requests_total,nbd4,172.18.0.2:9100,prometheus.scrape.annotated_pods
2025-07-12 05:50:28,0,node_disk_flush_requests_total,nbd4,172.18.0.2:9100,prometheus.scrape.annotated_pods
2025-07-12 05:51:28,0,node_disk_flush_requests_total,nbd4,172.18.0.2:9100,prometheus.scrape.annotated_pods
2025-07-12 05:52:28,0,node_disk_flush_requests_total,nbd4,172.18.0.2:9100,prometheus.scrape.annotated_pods
2025-07-12 05:53:28,0,node_disk_flush_requests_total,nbd4,172.18.0.2:9100,prometheus.scrape.annotated_pods
2025-07-12 05:54:28,0,node_disk_flush_requests_total,nbd4,172.18.0.2:9100,prometheus.scrape.annotated_pods
2025-07-12 05:55:28,0,node_disk_flush_requests_total,nbd4,172.18.0.2:9100,prometheus.scrape.annotated_pods
2025-07-12 05:56:28,0,node_disk_flush_requests_total,nbd4,172.18.0.2:9100,prometheus.scrape.annotated_pods
2025-07-12 05:57:28,0,node_disk_flush_requests_total,nbd4,172.18.0.2:9100,prometheus.scrape.annotated_pods
2025-07-12 05:58:28,0,node_disk_flush_requests_total,nbd4,172.18.0.2:9100,prometheus.scrape.annotated_pods
2025-07-12 05:59:28,0,node_disk_flush_requests_total,nbd4,172.18.0.2:9100,prometheus.scrape.annotated_pods
2025-07-12 06:00:28,0,node_disk_flush_requests_total,nbd4,172.18.0.2:9100,prometheus.scrape.annotated_pods
2025-07-12 06:01:28,0,node_disk_flush_requests_total,nbd4,172.18.0.2:9100,prometheus.scrape.annotated_pods
2025-07-12 06:02:28,0,node_disk_flush_requests_total,nbd4,172.18.0.2:9100,prometheus.scrape.annotated_pods
2025-07-12 06:03:28,0,node_disk_flush_requests_total,nbd4,172.18.0.2:9100,prometheus.scrape.annotated_pods
2025-07-12 06:04:28,0,node_disk_flush_requests_total,nbd4,172.18.0.2:9100,prometheus.scrape.annotated_pods
2025-07-12 06:05:28,0,node_disk_flush_requests_total,nbd4,172.18.0.2:9100,prometheus.scrape.annotated_pods
2025-07-12 06:06:28,0,node_disk_flush_requests_total,nbd4,172.18.0.2:9100,prometheus.scrape.annotated_pods
2025-07-12 06:07:28,0,node_disk_flush_requests_total,nbd4,172.18.0.2:9100,prometheus.scrape.annotated_pods
2025-07-12 06:08:28,0,node_disk_flush_requests_total,nbd4,172.18.0.2:9100,prometheus.scrape.annotated_pods
2025-07-12 06:09:28,0,node_disk_flush_requests_total,nbd4,172.18.0.2:9100,prometheus.scrape.annotated_pods
2025-07-12 06:10:28,0,node_disk_flush_requests_total,nbd4,172.18.0.2:9100,prometheus.scrape.annotated_pods
2025-07-12 06:11:28,0,node_disk_flush_requests_total,nbd4,172.18.0.2:9100,prometheus.scrape.annotated_pods
2025-07-12 06:12:28,0,node_disk_flush_requests_total,nbd4,172.18.0.2:9100,prometheus.scrape.annotated_pods
2025-07-12 06:13:28,0,node_disk_flush_requests_total,nbd4,172.18.0.2:9100,prometheus.scrape.annotated_pods
2025-07-12 05:29:28,0,node_disk_flush_requests_total,nbd4,172.18.0.3:9100,prometheus.scrape.annotated_pods
2025-07-12 05:30:28,0,node_disk_flush_requests_total,nbd4,172.18.0.3:9100,prometheus.scrape.annotated_pods
2025-07-12 05:31:28,0,node_disk_flush_requests_total,nbd4,172.18.0.3:9100,prometheus.scrape.annotated_pods
2025-07-12 05:32:28,0,node_disk_flush_requests_total,nbd4,172.18.0.3:9100,prometheus.scrape.annotated_pods
2025-07-12 05:33:28,0,node_disk_flush_requests_total,nbd4,172.18.0.3:9100,prometheus.scrape.annotated_pods
2025-07-12 05:34:28,0,node_disk_flush_requests_total,nbd4,172.18.0.3:9100,prometheus.scrape.annotated_pods
2025-07-12 05:35:28,0,node_disk_flush_requests_total,nbd4,172.18.0.3:9100,prometheus.scrape.annotated_pods
2025-07-12 05:36:28,0,node_disk_flush_requests_total,nbd4,172.18.0.3:9100,prometheus.scrape.annotated_pods
2025-07-12 05:37:28,0,node_disk_flush_requests_total,nbd4,172.18.0.3:9100,prometheus.scrape.annotated_pods
2025-07-12 05:38:28,0,node_disk_flush_requests_total,nbd4,172.18.0.3:9100,prometheus.scrape.annotated_pods
2025-07-12 05:39:28,0,node_disk_flush_requests_total,nbd4,172.18.0.3:9100,prometheus.scrape.annotated_pods
2025-07-12 05:40:28,0,node_disk_flush_requests_total,nbd4,172.18.0.3:9100,prometheus.scrape.annotated_pods
2025-07-12 05:41:28,0,node_disk_flush_requests_total,nbd4,172.18.0.3:9100,prometheus.scrape.annotated_pods
2025-07-12 05:42:28,0,node_disk_flush_requests_total,nbd4,172.18.0.3:9100,prometheus.scrape.annotated_pods
2025-07-12 05:43:28,0,node_disk_flush_requests_total,nbd4,172.18.0.3:9100,prometheus.scrape.annotated_pods
2025-07-12 05:44:28,0,node_disk_flush_requests_total,nbd4,172.18.0.3:9100,prometheus.scrape.annotated_pods
2025-07-12 05:45:28,0,node_disk_flush_requests_total,nbd4,172.18.0.3:9100,prometheus.scrape.annotated_pods
2025-07-12 05:46:28,0,node_disk_flush_requests_total,nbd4,172.18.0.3:9100,prometheus.scrape.annotated_pods
2025-07-12 05:47:28,0,node_disk_flush_requests_total,nbd4,172.18.0.3:9100,prometheus.scrape.annotated_pods
2025-07-12 05:48:28,0,node_disk_flush_requests_total,nbd4,172.18.0.3:9100,prometheus.scrape.annotated_pods
2025-07-12 05:49:28,0,node_disk_flush_requests_total,nbd4,172.18.0.3:9100,prometheus.scrape.annotated_pods
2025-07-12 05:50:28,0,node_disk_flush_requests_total,nbd4,172.18.0.3:9100,prometheus.scrape.annotated_pods
2025-07-12 05:51:28,0,node_disk_flush_requests_total,nbd4,172.18.0.3:9100,prometheus.scrape.annotated_pods
2025-07-12 05:52:28,0,node_disk_flush_requests_total,nbd4,172.18.0.3:9100,prometheus.scrape.annotated_pods
2025-07-12 05:53:28,0,node_disk_flush_requests_total,nbd4,172.18.0.3:9100,prometheus.scrape.annotated_pods
2025-07-12 05:54:28,0,node_disk_flush_requests_total,nbd4,172.18.0.3:9100,prometheus.scrape.annotated_pods
2025-07-12 05:55:28,0,node_disk_flush_requests_total,nbd4,172.18.0.3:9100,prometheus.scrape.annotated_pods
2025-07-12 05:56:28,0,node_disk_flush_requests_total,nbd4,172.18.0.3:9100,prometheus.scrape.annotated_pods
2025-07-12 05:57:28,0,node_disk_flush_requests_total,nbd4,172.18.0.3:9100,prometheus.scrape.annotated_pods
2025-07-12 05:58:28,0,node_disk_flush_requests_total,nbd4,172.18.0.3:9100,prometheus.scrape.annotated_pods
2025-07-12 05:59:28,0,node_disk_flush_requests_total,nbd4,172.18.0.3:9100,prometheus.scrape.annotated_pods
2025-07-12 06:00:28,0,node_disk_flush_requests_total,nbd4,172.18.0.3:9100,prometheus.scrape.annotated_pods
2025-07-12 06:01:28,0,node_disk_flush_requests_total,nbd4,172.18.0.3:9100,prometheus.scrape.annotated_pods
2025-07-12 06:02:28,0,node_disk_flush_requests_total,nbd4,172.18.0.3:9100,prometheus.scrape.annotated_pods
2025-07-12 06:03:28,0,node_disk_flush_requests_total,nbd4,172.18.0.3:9100,prometheus.scrape.annotated_pods
2025-07-12 06:04:28,0,node_disk_flush_requests_total,nbd4,172.18.0.3:9100,prometheus.scrape.annotated_pods
2025-07-12 06:05:28,0,node_disk_flush_requests_total,nbd4,172.18.0.3:9100,prometheus.scrape.annotated_pods
2025-07-12 06:06:28,0,node_disk_flush_requests_total,nbd4,172.18.0.3:9100,prometheus.scrape.annotated_pods
2025-07-12 06:07:28,0,node_disk_flush_requests_total,nbd4,172.18.0.3:9100,prometheus.scrape.annotated_pods
2025-07-12 06:08:28,0,node_disk_flush_requests_total,nbd4,172.18.0.3:9100,prometheus.scrape.annotated_pods
2025-07-12 06:09:28,0,node_disk_flush_requests_total,nbd4,172.18.0.3:9100,prometheus.scrape.annotated_pods
2025-07-12 06:10:28,0,node_disk_flush_requests_total,nbd4,172.18.0.3:9100,prometheus.scrape.annotated_pods
2025-07-12 06:11:28,0,node_disk_flush_requests_total,nbd4,172.18.0.3:9100,prometheus.scrape.annotated_pods
2025-07-12 06:12:28,0,node_disk_flush_requests_total,nbd4,172.18.0.3:9100,prometheus.scrape.annotated_pods
2025-07-12 06:13:28,0,node_disk_flush_requests_total,nbd4,172.18.0.3:9100,prometheus.scrape.annotated_pods
2025-07-12 05:29:28,0,node_disk_flush_requests_total,nbd4,172.18.0.4:9100,prometheus.scrape.annotated_pods
2025-07-12 05:30:28,0,node_disk_flush_requests_total,nbd4,172.18.0.4:9100,prometheus.scrape.annotated_pods
2025-07-12 05:31:28,0,node_disk_flush_requests_total,nbd4,172.18.0.4:9100,prometheus.scrape.annotated_pods
2025-07-12 05:32:28,0,node_disk_flush_requests_total,nbd4,172.18.0.4:9100,prometheus.scrape.annotated_pods
2025-07-12 05:33:28,0,node_disk_flush_requests_total,nbd4,172.18.0.4:9100,prometheus.scrape.annotated_pods
2025-07-12 05:34:28,0,node_disk_flush_requests_total,nbd4,172.18.0.4:9100,prometheus.scrape.annotated_pods
2025-07-12 05:35:28,0,node_disk_flush_requests_total,nbd4,172.18.0.4:9100,prometheus.scrape.annotated_pods
2025-07-12 05:36:28,0,node_disk_flush_requests_total,nbd4,172.18.0.4:9100,prometheus.scrape.annotated_pods
2025-07-12 05:37:28,0,node_disk_flush_requests_total,nbd4,172.18.0.4:9100,prometheus.scrape.annotated_pods
2025-07-12 05:38:28,0,node_disk_flush_requests_total,nbd4,172.18.0.4:9100,prometheus.scrape.annotated_pods
2025-07-12 05:39:28,0,node_disk_flush_requests_total,nbd4,172.18.0.4:9100,prometheus.scrape.annotated_pods
2025-07-12 05:40:28,0,node_disk_flush_requests_total,nbd4,172.18.0.4:9100,prometheus.scrape.annotated_pods
2025-07-12 05:41:28,0,node_disk_flush_requests_total,nbd4,172.18.0.4:9100,prometheus.scrape.annotated_pods
2025-07-12 05:42:28,0,node_disk_flush_requests_total,nbd4,172.18.0.4:9100,prometheus.scrape.annotated_pods
2025-07-12 05:43:28,0,node_disk_flush_requests_total,nbd4,172.18.0.4:9100,prometheus.scrape.annotated_pods
2025-07-12 05:44:28,0,node_disk_flush_requests_total,nbd4,172.18.0.4:9100,prometheus.scrape.annotated_pods
2025-07-12 05:45:28,0,node_disk_flush_requests_total,nbd4,172.18.0.4:9100,prometheus.scrape.annotated_pods
2025-07-12 05:46:28,0,node_disk_flush_requests_total,nbd4,172.18.0.4:9100,prometheus.scrape.annotated_pods
2025-07-12 05:47:28,0,node_disk_flush_requests_total,nbd4,172.18.0.4:9100,prometheus.scrape.annotated_pods
2025-07-12 05:48:28,0,node_disk_flush_requests_total,nbd4,172.18.0.4:9100,prometheus.scrape.annotated_pods
2025-07-12 05:49:28,0,node_disk_flush_requests_total,nbd4,172.18.0.4:9100,prometheus.scrape.annotated_pods
2025-07-12 05:50:28,0,node_disk_flush_requests_total,nbd4,172.18.0.4:9100,prometheus.scrape.annotated_pods
2025-07-12 05:51:28,0,node_disk_flush_requests_total,nbd4,172.18.0.4:9100,prometheus.scrape.annotated_pods
2025-07-12 05:52:28,0,node_disk_flush_requests_total,nbd4,172.18.0.4:9100,prometheus.scrape.annotated_pods
2025-07-12 05:53:28,0,node_disk_flush_requests_total,nbd4,172.18.0.4:9100,prometheus.scrape.annotated_pods
2025-07-12 05:54:28,0,node_disk_flush_requests_total,nbd4,172.18.0.4:9100,prometheus.scrape.annotated_pods
2025-07-12 05:55:28,0,node_disk_flush_requests_total,nbd4,172.18.0.4:9100,prometheus.scrape.annotated_pods
2025-07-12 05:56:28,0,node_disk_flush_requests_total,nbd4,172.18.0.4:9100,prometheus.scrape.annotated_pods
2025-07-12 05:57:28,0,node_disk_flush_requests_total,nbd4,172.18.0.4:9100,prometheus.scrape.annotated_pods
2025-07-12 05:58:28,0,node_disk_flush_requests_total,nbd4,172.18.0.4:9100,prometheus.scrape.annotated_pods
2025-07-12 05:59:28,0,node_disk_flush_requests_total,nbd4,172.18.0.4:9100,prometheus.scrape.annotated_pods
2025-07-12 06:00:28,0,node_disk_flush_requests_total,nbd4,172.18.0.4:9100,prometheus.scrape.annotated_pods
2025-07-12 06:01:28,0,node_disk_flush_requests_total,nbd4,172.18.0.4:9100,prometheus.scrape.annotated_pods
2025-07-12 06:02:28,0,node_disk_flush_requests_total,nbd4,172.18.0.4:9100,prometheus.scrape.annotated_pods
2025-07-12 06:03:28,0,node_disk_flush_requests_total,nbd4,172.18.0.4:9100,prometheus.scrape.annotated_pods
2025-07-12 06:04:28,0,node_disk_flush_requests_total,nbd4,172.18.0.4:9100,prometheus.scrape.annotated_pods
2025-07-12 06:05:28,0,node_disk_flush_requests_total,nbd4,172.18.0.4:9100,prometheus.scrape.annotated_pods
2025-07-12 06:06:28,0,node_disk_flush_requests_total,nbd4,172.18.0.4:9100,prometheus.scrape.annotated_pods
2025-07-12 06:07:28,0,node_disk_flush_requests_total,nbd4,172.18.0.4:9100,prometheus.scrape.annotated_pods
2025-07-12 06:08:28,0,node_disk_flush_requests_total,nbd4,172.18.0.4:9100,prometheus.scrape.annotated_pods
2025-07-12 06:09:28,0,node_disk_flush_requests_total,nbd4,172.18.0.4:9100,prometheus.scrape.annotated_pods
2025-07-12 06:10:28,0,node_disk_flush_requests_total,nbd4,172.18.0.4:9100,prometheus.scrape.annotated_pods
2025-07-12 06:11:28,0,node_disk_flush_requests_total,nbd4,172.18.0.4:9100,prometheus.scrape.annotated_pods
2025-07-12 06:12:28,0,node_disk_flush_requests_total,nbd4,172.18.0.4:9100,prometheus.scrape.annotated_pods
2025-07-12 06:13:28,0,node_disk_flush_requests_total,nbd4,172.18.0.4:9100,prometheus.scrape.annotated_pods
2025-07-12 05:30:28,0,node_disk_flush_requests_total,nbd4,node-exporter.nimbusguard.svc:9100,prometheus.scrape.node_exporter
2025-07-12 05:31:28,0,node_disk_flush_requests_total,nbd4,node-exporter.nimbusguard.svc:9100,prometheus.scrape.node_exporter
2025-07-12 05:32:28,0,node_disk_flush_requests_total,nbd4,node-exporter.nimbusguard.svc:9100,prometheus.scrape.node_exporter
2025-07-12 05:33:28,0,node_disk_flush_requests_total,nbd4,node-exporter.nimbusguard.svc:9100,prometheus.scrape.node_exporter
2025-07-12 05:34:28,0,node_disk_flush_requests_total,nbd4,node-exporter.nimbusguard.svc:9100,prometheus.scrape.node_exporter
2025-07-12 05:35:28,0,node_disk_flush_requests_total,nbd4,node-exporter.nimbusguard.svc:9100,prometheus.scrape.node_exporter
2025-07-12 05:36:28,0,node_disk_flush_requests_total,nbd4,node-exporter.nimbusguard.svc:9100,prometheus.scrape.node_exporter
2025-07-12 05:37:28,0,node_disk_flush_requests_total,nbd4,node-exporter.nimbusguard.svc:9100,prometheus.scrape.node_exporter
2025-07-12 05:38:28,0,node_disk_flush_requests_total,nbd4,node-exporter.nimbusguard.svc:9100,prometheus.scrape.node_exporter
2025-07-12 05:39:28,0,node_disk_flush_requests_total,nbd4,node-exporter.nimbusguard.svc:9100,prometheus.scrape.node_exporter
2025-07-12 05:40:28,0,node_disk_flush_requests_total,nbd4,node-exporter.nimbusguard.svc:9100,prometheus.scrape.node_exporter
2025-07-12 05:41:28,0,node_disk_flush_requests_total,nbd4,node-exporter.nimbusguard.svc:9100,prometheus.scrape.node_exporter
2025-07-12 05:42:28,0,node_disk_flush_requests_total,nbd4,node-exporter.nimbusguard.svc:9100,prometheus.scrape.node_exporter
2025-07-12 05:43:28,0,node_disk_flush_requests_total,nbd4,node-exporter.nimbusguard.svc:9100,prometheus.scrape.node_exporter
2025-07-12 05:44:28,0,node_disk_flush_requests_total,nbd4,node-exporter.nimbusguard.svc:9100,prometheus.scrape.node_exporter
2025-07-12 05:45:28,0,node_disk_flush_requests_total,nbd4,node-exporter.nimbusguard.svc:9100,prometheus.scrape.node_exporter
2025-07-12 05:46:28,0,node_disk_flush_requests_total,nbd4,node-exporter.nimbusguard.svc:9100,prometheus.scrape.node_exporter
2025-07-12 05:47:28,0,node_disk_flush_requests_total,nbd4,node-exporter.nimbusguard.svc:9100,prometheus.scrape.node_exporter
2025-07-12 05:48:28,0,node_disk_flush_requests_total,nbd4,node-exporter.nimbusguard.svc:9100,prometheus.scrape.node_exporter
2025-07-12 05:49:28,0,node_disk_flush_requests_total,nbd4,node-exporter.nimbusguard.svc:9100,prometheus.scrape.node_exporter
2025-07-12 05:50:28,0,node_disk_flush_requests_total,nbd4,node-exporter.nimbusguard.svc:9100,prometheus.scrape.node_exporter
2025-07-12 05:51:28,0,node_disk_flush_requests_total,nbd4,node-exporter.nimbusguard.svc:9100,prometheus.scrape.node_exporter
2025-07-12 05:52:28,0,node_disk_flush_requests_total,nbd4,node-exporter.nimbusguard.svc:9100,prometheus.scrape.node_exporter
2025-07-12 05:53:28,0,node_disk_flush_requests_total,nbd4,node-exporter.nimbusguard.svc:9100,prometheus.scrape.node_exporter
2025-07-12 05:54:28,0,node_disk_flush_requests_total,nbd4,node-exporter.nimbusguard.svc:9100,prometheus.scrape.node_exporter
2025-07-12 05:55:28,0,node_disk_flush_requests_total,nbd4,node-exporter.nimbusguard.svc:9100,prometheus.scrape.node_exporter
2025-07-12 05:56:28,0,node_disk_flush_requests_total,nbd4,node-exporter.nimbusguard.svc:9100,prometheus.scrape.node_exporter
2025-07-12 05:57:28,0,node_disk_flush_requests_total,nbd4,node-exporter.nimbusguard.svc:9100,prometheus.scrape.node_exporter
2025-07-12 05:58:28,0,node_disk_flush_requests_total,nbd4,node-exporter.nimbusguard.svc:9100,prometheus.scrape.node_exporter
2025-07-12 05:59:28,0,node_disk_flush_requests_total,nbd4,node-exporter.nimbusguard.svc:9100,prometheus.scrape.node_exporter
2025-07-12 06:00:28,0,node_disk_flush_requests_total,nbd4,node-exporter.nimbusguard.svc:9100,prometheus.scrape.node_exporter
2025-07-12 06:01:28,0,node_disk_flush_requests_total,nbd4,node-exporter.nimbusguard.svc:9100,prometheus.scrape.node_exporter
2025-07-12 06:02:28,0,node_disk_flush_requests_total,nbd4,node-exporter.nimbusguard.svc:9100,prometheus.scrape.node_exporter
2025-07-12 06:03:28,0,node_disk_flush_requests_total,nbd4,node-exporter.nimbusguard.svc:9100,prometheus.scrape.node_exporter
2025-07-12 06:04:28,0,node_disk_flush_requests_total,nbd4,node-exporter.nimbusguard.svc:9100,prometheus.scrape.node_exporter
2025-07-12 06:05:28,0,node_disk_flush_requests_total,nbd4,node-exporter.nimbusguard.svc:9100,prometheus.scrape.node_exporter
2025-07-12 06:06:28,0,node_disk_flush_requests_total,nbd4,node-exporter.nimbusguard.svc:9100,prometheus.scrape.node_exporter
2025-07-12 06:07:28,0,node_disk_flush_requests_total,nbd4,node-exporter.nimbusguard.svc:9100,prometheus.scrape.node_exporter
2025-07-12 06:08:28,0,node_disk_flush_requests_total,nbd4,node-exporter.nimbusguard.svc:9100,prometheus.scrape.node_exporter
2025-07-12 06:09:28,0,node_disk_flush_requests_total,nbd4,node-exporter.nimbusguard.svc:9100,prometheus.scrape.node_exporter
2025-07-12 06:10:28,0,node_disk_flush_requests_total,nbd4,node-exporter.nimbusguard.svc:9100,prometheus.scrape.node_exporter
2025-07-12 06:11:28,0,node_disk_flush_requests_total,nbd4,node-exporter.nimbusguard.svc:9100,prometheus.scrape.node_exporter
2025-07-12 06:12:28,0,node_disk_flush_requests_total,nbd4,node-exporter.nimbusguard.svc:9100,prometheus.scrape.node_exporter
2025-07-12 06:13:28,0,node_disk_flush_requests_total,nbd4,node-exporter.nimbusguard.svc:9100,prometheus.scrape.node_exporter
2025-07-12 05:30:28,0,node_disk_flush_requests_total,nbd5,172.18.0.2:9100,prometheus.scrape.annotated_pods
2025-07-12 05:31:28,0,node_disk_flush_requests_total,nbd5,172.18.0.2:9100,prometheus.scrape.annotated_pods
2025-07-12 05:32:28,0,node_disk_flush_requests_total,nbd5,172.18.0.2:9100,prometheus.scrape.annotated_pods
2025-07-12 05:33:28,0,node_disk_flush_requests_total,nbd5,172.18.0.2:9100,prometheus.scrape.annotated_pods
2025-07-12 05:34:28,0,node_disk_flush_requests_total,nbd5,172.18.0.2:9100,prometheus.scrape.annotated_pods
2025-07-12 05:35:28,0,node_disk_flush_requests_total,nbd5,172.18.0.2:9100,prometheus.scrape.annotated_pods
2025-07-12 05:36:28,0,node_disk_flush_requests_total,nbd5,172.18.0.2:9100,prometheus.scrape.annotated_pods
2025-07-12 05:37:28,0,node_disk_flush_requests_total,nbd5,172.18.0.2:9100,prometheus.scrape.annotated_pods
2025-07-12 05:38:28,0,node_disk_flush_requests_total,nbd5,172.18.0.2:9100,prometheus.scrape.annotated_pods
2025-07-12 05:39:28,0,node_disk_flush_requests_total,nbd5,172.18.0.2:9100,prometheus.scrape.annotated_pods
2025-07-12 05:40:28,0,node_disk_flush_requests_total,nbd5,172.18.0.2:9100,prometheus.scrape.annotated_pods
2025-07-12 05:41:28,0,node_disk_flush_requests_total,nbd5,172.18.0.2:9100,prometheus.scrape.annotated_pods
2025-07-12 05:42:28,0,node_disk_flush_requests_total,nbd5,172.18.0.2:9100,prometheus.scrape.annotated_pods
2025-07-12 05:43:28,0,node_disk_flush_requests_total,nbd5,172.18.0.2:9100,prometheus.scrape.annotated_pods
2025-07-12 05:44:28,0,node_disk_flush_requests_total,nbd5,172.18.0.2:9100,prometheus.scrape.annotated_pods
2025-07-12 05:45:28,0,node_disk_flush_requests_total,nbd5,172.18.0.2:9100,prometheus.scrape.annotated_pods
2025-07-12 05:46:28,0,node_disk_flush_requests_total,nbd5,172.18.0.2:9100,prometheus.scrape.annotated_pods
2025-07-12 05:47:28,0,node_disk_flush_requests_total,nbd5,172.18.0.2:9100,prometheus.scrape.annotated_pods
2025-07-12 05:48:28,0,node_disk_flush_requests_total,nbd5,172.18.0.2:9100,prometheus.scrape.annotated_pods
2025-07-12 05:49:28,0,node_disk_flush_requests_total,nbd5,172.18.0.2:9100,prometheus.scrape.annotated_pods
2025-07-12 05:50:28,0,node_disk_flush_requests_total,nbd5,172.18.0.2:9100,prometheus.scrape.annotated_pods
2025-07-12 05:51:28,0,node_disk_flush_requests_total,nbd5,172.18.0.2:9100,prometheus.scrape.annotated_pods
2025-07-12 05:52:28,0,node_disk_flush_requests_total,nbd5,172.18.0.2:9100,prometheus.scrape.annotated_pods
2025-07-12 05:53:28,0,node_disk_flush_requests_total,nbd5,172.18.0.2:9100,prometheus.scrape.annotated_pods
2025-07-12 05:54:28,0,node_disk_flush_requests_total,nbd5,172.18.0.2:9100,prometheus.scrape.annotated_pods
2025-07-12 05:55:28,0,node_disk_flush_requests_total,nbd5,172.18.0.2:9100,prometheus.scrape.annotated_pods
2025-07-12 05:56:28,0,node_disk_flush_requests_total,nbd5,172.18.0.2:9100,prometheus.scrape.annotated_pods
2025-07-12 05:57:28,0,node_disk_flush_requests_total,nbd5,172.18.0.2:9100,prometheus.scrape.annotated_pods
2025-07-12 05:58:28,0,node_disk_flush_requests_total,nbd5,172.18.0.2:9100,prometheus.scrape.annotated_pods
2025-07-12 05:59:28,0,node_disk_flush_requests_total,nbd5,172.18.0.2:9100,prometheus.scrape.annotated_pods
2025-07-12 06:00:28,0,node_disk_flush_requests_total,nbd5,172.18.0.2:9100,prometheus.scrape.annotated_pods
2025-07-12 06:01:28,0,node_disk_flush_requests_total,nbd5,172.18.0.2:9100,prometheus.scrape.annotated_pods
2025-07-12 06:02:28,0,node_disk_flush_requests_total,nbd5,172.18.0.2:9100,prometheus.scrape.annotated_pods
2025-07-12 06:03:28,0,node_disk_flush_requests_total,nbd5,172.18.0.2:9100,prometheus.scrape.annotated_pods
2025-07-12 06:04:28,0,node_disk_flush_requests_total,nbd5,172.18.0.2:9100,prometheus.scrape.annotated_pods
2025-07-12 06:05:28,0,node_disk_flush_requests_total,nbd5,172.18.0.2:9100,prometheus.scrape.annotated_pods
2025-07-12 06:06:28,0,node_disk_flush_requests_total,nbd5,172.18.0.2:9100,prometheus.scrape.annotated_pods
2025-07-12 06:07:28,0,node_disk_flush_requests_total,nbd5,172.18.0.2:9100,prometheus.scrape.annotated_pods
2025-07-12 06:08:28,0,node_disk_flush_requests_total,nbd5,172.18.0.2:9100,prometheus.scrape.annotated_pods
2025-07-12 06:09:28,0,node_disk_flush_requests_total,nbd5,172.18.0.2:9100,prometheus.scrape.annotated_pods
2025-07-12 06:10:28,0,node_disk_flush_requests_total,nbd5,172.18.0.2:9100,prometheus.scrape.annotated_pods
2025-07-12 06:11:28,0,node_disk_flush_requests_total,nbd5,172.18.0.2:9100,prometheus.scrape.annotated_pods
2025-07-12 06:12:28,0,node_disk_flush_requests_total,nbd5,172.18.0.2:9100,prometheus.scrape.annotated_pods
2025-07-12 06:13:28,0,node_disk_flush_requests_total,nbd5,172.18.0.2:9100,prometheus.scrape.annotated_pods
2025-07-12 05:29:28,0,node_disk_flush_requests_total,nbd5,172.18.0.3:9100,prometheus.scrape.annotated_pods
2025-07-12 05:30:28,0,node_disk_flush_requests_total,nbd5,172.18.0.3:9100,prometheus.scrape.annotated_pods
2025-07-12 05:31:28,0,node_disk_flush_requests_total,nbd5,172.18.0.3:9100,prometheus.scrape.annotated_pods
2025-07-12 05:32:28,0,node_disk_flush_requests_total,nbd5,172.18.0.3:9100,prometheus.scrape.annotated_pods
2025-07-12 05:33:28,0,node_disk_flush_requests_total,nbd5,172.18.0.3:9100,prometheus.scrape.annotated_pods
2025-07-12 05:34:28,0,node_disk_flush_requests_total,nbd5,172.18.0.3:9100,prometheus.scrape.annotated_pods
2025-07-12 05:35:28,0,node_disk_flush_requests_total,nbd5,172.18.0.3:9100,prometheus.scrape.annotated_pods
2025-07-12 05:36:28,0,node_disk_flush_requests_total,nbd5,172.18.0.3:9100,prometheus.scrape.annotated_pods
2025-07-12 05:37:28,0,node_disk_flush_requests_total,nbd5,172.18.0.3:9100,prometheus.scrape.annotated_pods
2025-07-12 05:38:28,0,node_disk_flush_requests_total,nbd5,172.18.0.3:9100,prometheus.scrape.annotated_pods
2025-07-12 05:39:28,0,node_disk_flush_requests_total,nbd5,172.18.0.3:9100,prometheus.scrape.annotated_pods
2025-07-12 05:40:28,0,node_disk_flush_requests_total,nbd5,172.18.0.3:9100,prometheus.scrape.annotated_pods
2025-07-12 05:41:28,0,node_disk_flush_requests_total,nbd5,172.18.0.3:9100,prometheus.scrape.annotated_pods
2025-07-12 05:42:28,0,node_disk_flush_requests_total,nbd5,172.18.0.3:9100,prometheus.scrape.annotated_pods
2025-07-12 05:43:28,0,node_disk_flush_requests_total,nbd5,172.18.0.3:9100,prometheus.scrape.annotated_pods
2025-07-12 05:44:28,0,node_disk_flush_requests_total,nbd5,172.18.0.3:9100,prometheus.scrape.annotated_pods
2025-07-12 05:45:28,0,node_disk_flush_requests_total,nbd5,172.18.0.3:9100,prometheus.scrape.annotated_pods
2025-07-12 05:46:28,0,node_disk_flush_requests_total,nbd5,172.18.0.3:9100,prometheus.scrape.annotated_pods
2025-07-12 05:47:28,0,node_disk_flush_requests_total,nbd5,172.18.0.3:9100,prometheus.scrape.annotated_pods
2025-07-12 05:48:28,0,node_disk_flush_requests_total,nbd5,172.18.0.3:9100,prometheus.scrape.annotated_pods
2025-07-12 05:49:28,0,node_disk_flush_requests_total,nbd5,172.18.0.3:9100,prometheus.scrape.annotated_pods
2025-07-12 05:50:28,0,node_disk_flush_requests_total,nbd5,172.18.0.3:9100,prometheus.scrape.annotated_pods
2025-07-12 05:51:28,0,node_disk_flush_requests_total,nbd5,172.18.0.3:9100,prometheus.scrape.annotated_pods
2025-07-12 05:52:28,0,node_disk_flush_requests_total,nbd5,172.18.0.3:9100,prometheus.scrape.annotated_pods
2025-07-12 05:53:28,0,node_disk_flush_requests_total,nbd5,172.18.0.3:9100,prometheus.scrape.annotated_pods
2025-07-12 05:54:28,0,node_disk_flush_requests_total,nbd5,172.18.0.3:9100,prometheus.scrape.annotated_pods
2025-07-12 05:55:28,0,node_disk_flush_requests_total,nbd5,172.18.0.3:9100,prometheus.scrape.annotated_pods
2025-07-12 05:56:28,0,node_disk_flush_requests_total,nbd5,172.18.0.3:9100,prometheus.scrape.annotated_pods
2025-07-12 05:57:28,0,node_disk_flush_requests_total,nbd5,172.18.0.3:9100,prometheus.scrape.annotated_pods
2025-07-12 05:58:28,0,node_disk_flush_requests_total,nbd5,172.18.0.3:9100,prometheus.scrape.annotated_pods
2025-07-12 05:59:28,0,node_disk_flush_requests_total,nbd5,172.18.0.3:9100,prometheus.scrape.annotated_pods
2025-07-12 06:00:28,0,node_disk_flush_requests_total,nbd5,172.18.0.3:9100,prometheus.scrape.annotated_pods
2025-07-12 06:01:28,0,node_disk_flush_requests_total,nbd5,172.18.0.3:9100,prometheus.scrape.annotated_pods
2025-07-12 06:02:28,0,node_disk_flush_requests_total,nbd5,172.18.0.3:9100,prometheus.scrape.annotated_pods
2025-07-12 06:03:28,0,node_disk_flush_requests_total,nbd5,172.18.0.3:9100,prometheus.scrape.annotated_pods
2025-07-12 06:04:28,0,node_disk_flush_requests_total,nbd5,172.18.0.3:9100,prometheus.scrape.annotated_pods
2025-07-12 06:05:28,0,node_disk_flush_requests_total,nbd5,172.18.0.3:9100,prometheus.scrape.annotated_pods
2025-07-12 06:06:28,0,node_disk_flush_requests_total,nbd5,172.18.0.3:9100,prometheus.scrape.annotated_pods
2025-07-12 06:07:28,0,node_disk_flush_requests_total,nbd5,172.18.0.3:9100,prometheus.scrape.annotated_pods
2025-07-12 06:08:28,0,node_disk_flush_requests_total,nbd5,172.18.0.3:9100,prometheus.scrape.annotated_pods
2025-07-12 06:09:28,0,node_disk_flush_requests_total,nbd5,172.18.0.3:9100,prometheus.scrape.annotated_pods
2025-07-12 06:10:28,0,node_disk_flush_requests_total,nbd5,172.18.0.3:9100,prometheus.scrape.annotated_pods
2025-07-12 06:11:28,0,node_disk_flush_requests_total,nbd5,172.18.0.3:9100,prometheus.scrape.annotated_pods
2025-07-12 06:12:28,0,node_disk_flush_requests_total,nbd5,172.18.0.3:9100,prometheus.scrape.annotated_pods
2025-07-12 06:13:28,0,node_disk_flush_requests_total,nbd5,172.18.0.3:9100,prometheus.scrape.annotated_pods
2025-07-12 05:29:28,0,node_disk_flush_requests_total,nbd5,172.18.0.4:9100,prometheus.scrape.annotated_pods
2025-07-12 05:30:28,0,node_disk_flush_requests_total,nbd5,172.18.0.4:9100,prometheus.scrape.annotated_pods
2025-07-12 05:31:28,0,node_disk_flush_requests_total,nbd5,172.18.0.4:9100,prometheus.scrape.annotated_pods
2025-07-12 05:32:28,0,node_disk_flush_requests_total,nbd5,172.18.0.4:9100,prometheus.scrape.annotated_pods
2025-07-12 05:33:28,0,node_disk_flush_requests_total,nbd5,172.18.0.4:9100,prometheus.scrape.annotated_pods
2025-07-12 05:34:28,0,node_disk_flush_requests_total,nbd5,172.18.0.4:9100,prometheus.scrape.annotated_pods
2025-07-12 05:35:28,0,node_disk_flush_requests_total,nbd5,172.18.0.4:9100,prometheus.scrape.annotated_pods
2025-07-12 05:36:28,0,node_disk_flush_requests_total,nbd5,172.18.0.4:9100,prometheus.scrape.annotated_pods
2025-07-12 05:37:28,0,node_disk_flush_requests_total,nbd5,172.18.0.4:9100,prometheus.scrape.annotated_pods
2025-07-12 05:38:28,0,node_disk_flush_requests_total,nbd5,172.18.0.4:9100,prometheus.scrape.annotated_pods
2025-07-12 05:39:28,0,node_disk_flush_requests_total,nbd5,172.18.0.4:9100,prometheus.scrape.annotated_pods
2025-07-12 05:40:28,0,node_disk_flush_requests_total,nbd5,172.18.0.4:9100,prometheus.scrape.annotated_pods
2025-07-12 05:41:28,0,node_disk_flush_requests_total,nbd5,172.18.0.4:9100,prometheus.scrape.annotated_pods
2025-07-12 05:42:28,0,node_disk_flush_requests_total,nbd5,172.18.0.4:9100,prometheus.scrape.annotated_pods
2025-07-12 05:43:28,0,node_disk_flush_requests_total,nbd5,172.18.0.4:9100,prometheus.scrape.annotated_pods
2025-07-12 05:44:28,0,node_disk_flush_requests_total,nbd5,172.18.0.4:9100,prometheus.scrape.annotated_pods
2025-07-12 05:45:28,0,node_disk_flush_requests_total,nbd5,172.18.0.4:9100,prometheus.scrape.annotated_pods
2025-07-12 05:46:28,0,node_disk_flush_requests_total,nbd5,172.18.0.4:9100,prometheus.scrape.annotated_pods
2025-07-12 05:47:28,0,node_disk_flush_requests_total,nbd5,172.18.0.4:9100,prometheus.scrape.annotated_pods
2025-07-12 05:48:28,0,node_disk_flush_requests_total,nbd5,172.18.0.4:9100,prometheus.scrape.annotated_pods
2025-07-12 05:49:28,0,node_disk_flush_requests_total,nbd5,172.18.0.4:9100,prometheus.scrape.annotated_pods
2025-07-12 05:50:28,0,node_disk_flush_requests_total,nbd5,172.18.0.4:9100,prometheus.scrape.annotated_pods
2025-07-12 05:51:28,0,node_disk_flush_requests_total,nbd5,172.18.0.4:9100,prometheus.scrape.annotated_pods
2025-07-12 05:52:28,0,node_disk_flush_requests_total,nbd5,172.18.0.4:9100,prometheus.scrape.annotated_pods
2025-07-12 05:53:28,0,node_disk_flush_requests_total,nbd5,172.18.0.4:9100,prometheus.scrape.annotated_pods
2025-07-12 05:54:28,0,node_disk_flush_requests_total,nbd5,172.18.0.4:9100,prometheus.scrape.annotated_pods
2025-07-12 05:55:28,0,node_disk_flush_requests_total,nbd5,172.18.0.4:9100,prometheus.scrape.annotated_pods
2025-07-12 05:56:28,0,node_disk_flush_requests_total,nbd5,172.18.0.4:9100,prometheus.scrape.annotated_pods
2025-07-12 05:57:28,0,node_disk_flush_requests_total,nbd5,172.18.0.4:9100,prometheus.scrape.annotated_pods
2025-07-12 05:58:28,0,node_disk_flush_requests_total,nbd5,172.18.0.4:9100,prometheus.scrape.annotated_pods
2025-07-12 05:59:28,0,node_disk_flush_requests_total,nbd5,172.18.0.4:9100,prometheus.scrape.annotated_pods
2025-07-12 06:00:28,0,node_disk_flush_requests_total,nbd5,172.18.0.4:9100,prometheus.scrape.annotated_pods
2025-07-12 06:01:28,0,node_disk_flush_requests_total,nbd5,172.18.0.4:9100,prometheus.scrape.annotated_pods
2025-07-12 06:02:28,0,node_disk_flush_requests_total,nbd5,172.18.0.4:9100,prometheus.scrape.annotated_pods
2025-07-12 06:03:28,0,node_disk_flush_requests_total,nbd5,172.18.0.4:9100,prometheus.scrape.annotated_pods
2025-07-12 06:04:28,0,node_disk_flush_requests_total,nbd5,172.18.0.4:9100,prometheus.scrape.annotated_pods
2025-07-12 06:05:28,0,node_disk_flush_requests_total,nbd5,172.18.0.4:9100,prometheus.scrape.annotated_pods
2025-07-12 06:06:28,0,node_disk_flush_requests_total,nbd5,172.18.0.4:9100,prometheus.scrape.annotated_pods
2025-07-12 06:07:28,0,node_disk_flush_requests_total,nbd5,172.18.0.4:9100,prometheus.scrape.annotated_pods
2025-07-12 06:08:28,0,node_disk_flush_requests_total,nbd5,172.18.0.4:9100,prometheus.scrape.annotated_pods
2025-07-12 06:09:28,0,node_disk_flush_requests_total,nbd5,172.18.0.4:9100,prometheus.scrape.annotated_pods
2025-07-12 06:10:28,0,node_disk_flush_requests_total,nbd5,172.18.0.4:9100,prometheus.scrape.annotated_pods
2025-07-12 06:11:28,0,node_disk_flush_requests_total,nbd5,172.18.0.4:9100,prometheus.scrape.annotated_pods
2025-07-12 06:12:28,0,node_disk_flush_requests_total,nbd5,172.18.0.4:9100,prometheus.scrape.annotated_pods
2025-07-12 06:13:28,0,node_disk_flush_requests_total,nbd5,172.18.0.4:9100,prometheus.scrape.annotated_pods
2025-07-12 05:30:28,0,node_disk_flush_requests_total,nbd5,node-exporter.nimbusguard.svc:9100,prometheus.scrape.node_exporter
2025-07-12 05:31:28,0,node_disk_flush_requests_total,nbd5,node-exporter.nimbusguard.svc:9100,prometheus.scrape.node_exporter
2025-07-12 05:32:28,0,node_disk_flush_requests_total,nbd5,node-exporter.nimbusguard.svc:9100,prometheus.scrape.node_exporter
2025-07-12 05:33:28,0,node_disk_flush_requests_total,nbd5,node-exporter.nimbusguard.svc:9100,prometheus.scrape.node_exporter
2025-07-12 05:34:28,0,node_disk_flush_requests_total,nbd5,node-exporter.nimbusguard.svc:9100,prometheus.scrape.node_exporter
2025-07-12 05:35:28,0,node_disk_flush_requests_total,nbd5,node-exporter.nimbusguard.svc:9100,prometheus.scrape.node_exporter
2025-07-12 05:36:28,0,node_disk_flush_requests_total,nbd5,node-exporter.nimbusguard.svc:9100,prometheus.scrape.node_exporter
2025-07-12 05:37:28,0,node_disk_flush_requests_total,nbd5,node-exporter.nimbusguard.svc:9100,prometheus.scrape.node_exporter
2025-07-12 05:38:28,0,node_disk_flush_requests_total,nbd5,node-exporter.nimbusguard.svc:9100,prometheus.scrape.node_exporter
2025-07-12 05:39:28,0,node_disk_flush_requests_total,nbd5,node-exporter.nimbusguard.svc:9100,prometheus.scrape.node_exporter
2025-07-12 05:40:28,0,node_disk_flush_requests_total,nbd5,node-exporter.nimbusguard.svc:9100,prometheus.scrape.node_exporter
2025-07-12 05:41:28,0,node_disk_flush_requests_total,nbd5,node-exporter.nimbusguard.svc:9100,prometheus.scrape.node_exporter
2025-07-12 05:42:28,0,node_disk_flush_requests_total,nbd5,node-exporter.nimbusguard.svc:9100,prometheus.scrape.node_exporter
2025-07-12 05:43:28,0,node_disk_flush_requests_total,nbd5,node-exporter.nimbusguard.svc:9100,prometheus.scrape.node_exporter
2025-07-12 05:44:28,0,node_disk_flush_requests_total,nbd5,node-exporter.nimbusguard.svc:9100,prometheus.scrape.node_exporter
2025-07-12 05:45:28,0,node_disk_flush_requests_total,nbd5,node-exporter.nimbusguard.svc:9100,prometheus.scrape.node_exporter
2025-07-12 05:46:28,0,node_disk_flush_requests_total,nbd5,node-exporter.nimbusguard.svc:9100,prometheus.scrape.node_exporter
2025-07-12 05:47:28,0,node_disk_flush_requests_total,nbd5,node-exporter.nimbusguard.svc:9100,prometheus.scrape.node_exporter
2025-07-12 05:48:28,0,node_disk_flush_requests_total,nbd5,node-exporter.nimbusguard.svc:9100,prometheus.scrape.node_exporter
2025-07-12 05:49:28,0,node_disk_flush_requests_total,nbd5,node-exporter.nimbusguard.svc:9100,prometheus.scrape.node_exporter
2025-07-12 05:50:28,0,node_disk_flush_requests_total,nbd5,node-exporter.nimbusguard.svc:9100,prometheus.scrape.node_exporter
2025-07-12 05:51:28,0,node_disk_flush_requests_total,nbd5,node-exporter.nimbusguard.svc:9100,prometheus.scrape.node_exporter
2025-07-12 05:52:28,0,node_disk_flush_requests_total,nbd5,node-exporter.nimbusguard.svc:9100,prometheus.scrape.node_exporter
2025-07-12 05:53:28,0,node_disk_flush_requests_total,nbd5,node-exporter.nimbusguard.svc:9100,prometheus.scrape.node_exporter
2025-07-12 05:54:28,0,node_disk_flush_requests_total,nbd5,node-exporter.nimbusguard.svc:9100,prometheus.scrape.node_exporter
2025-07-12 05:55:28,0,node_disk_flush_requests_total,nbd5,node-exporter.nimbusguard.svc:9100,prometheus.scrape.node_exporter
2025-07-12 05:56:28,0,node_disk_flush_requests_total,nbd5,node-exporter.nimbusguard.svc:9100,prometheus.scrape.node_exporter
2025-07-12 05:57:28,0,node_disk_flush_requests_total,nbd5,node-exporter.nimbusguard.svc:9100,prometheus.scrape.node_exporter
2025-07-12 05:58:28,0,node_disk_flush_requests_total,nbd5,node-exporter.nimbusguard.svc:9100,prometheus.scrape.node_exporter
2025-07-12 05:59:28,0,node_disk_flush_requests_total,nbd5,node-exporter.nimbusguard.svc:9100,prometheus.scrape.node_exporter
2025-07-12 06:00:28,0,node_disk_flush_requests_total,nbd5,node-exporter.nimbusguard.svc:9100,prometheus.scrape.node_exporter
2025-07-12 06:01:28,0,node_disk_flush_requests_total,nbd5,node-exporter.nimbusguard.svc:9100,prometheus.scrape.node_exporter
2025-07-12 06:02:28,0,node_disk_flush_requests_total,nbd5,node-exporter.nimbusguard.svc:9100,prometheus.scrape.node_exporter
2025-07-12 06:03:28,0,node_disk_flush_requests_total,nbd5,node-exporter.nimbusguard.svc:9100,prometheus.scrape.node_exporter
2025-07-12 06:04:28,0,node_disk_flush_requests_total,nbd5,node-exporter.nimbusguard.svc:9100,prometheus.scrape.node_exporter
2025-07-12 06:05:28,0,node_disk_flush_requests_total,nbd5,node-exporter.nimbusguard.svc:9100,prometheus.scrape.node_exporter
2025-07-12 06:06:28,0,node_disk_flush_requests_total,nbd5,node-exporter.nimbusguard.svc:9100,prometheus.scrape.node_exporter
2025-07-12 06:07:28,0,node_disk_flush_requests_total,nbd5,node-exporter.nimbusguard.svc:9100,prometheus.scrape.node_exporter
2025-07-12 06:08:28,0,node_disk_flush_requests_total,nbd5,node-exporter.nimbusguard.svc:9100,prometheus.scrape.node_exporter
2025-07-12 06:09:28,0,node_disk_flush_requests_total,nbd5,node-exporter.nimbusguard.svc:9100,prometheus.scrape.node_exporter
2025-07-12 06:10:28,0,node_disk_flush_requests_total,nbd5,node-exporter.nimbusguard.svc:9100,prometheus.scrape.node_exporter
2025-07-12 06:11:28,0,node_disk_flush_requests_total,nbd5,node-exporter.nimbusguard.svc:9100,prometheus.scrape.node_exporter
2025-07-12 06:12:28,0,node_disk_flush_requests_total,nbd5,node-exporter.nimbusguard.svc:9100,prometheus.scrape.node_exporter
2025-07-12 06:13:28,0,node_disk_flush_requests_total,nbd5,node-exporter.nimbusguard.svc:9100,prometheus.scrape.node_exporter
2025-07-12 05:30:28,0,node_disk_flush_requests_total,nbd6,172.18.0.2:9100,prometheus.scrape.annotated_pods
2025-07-12 05:31:28,0,node_disk_flush_requests_total,nbd6,172.18.0.2:9100,prometheus.scrape.annotated_pods
2025-07-12 05:32:28,0,node_disk_flush_requests_total,nbd6,172.18.0.2:9100,prometheus.scrape.annotated_pods
2025-07-12 05:33:28,0,node_disk_flush_requests_total,nbd6,172.18.0.2:9100,prometheus.scrape.annotated_pods
2025-07-12 05:34:28,0,node_disk_flush_requests_total,nbd6,172.18.0.2:9100,prometheus.scrape.annotated_pods
2025-07-12 05:35:28,0,node_disk_flush_requests_total,nbd6,172.18.0.2:9100,prometheus.scrape.annotated_pods
2025-07-12 05:36:28,0,node_disk_flush_requests_total,nbd6,172.18.0.2:9100,prometheus.scrape.annotated_pods
2025-07-12 05:37:28,0,node_disk_flush_requests_total,nbd6,172.18.0.2:9100,prometheus.scrape.annotated_pods
2025-07-12 05:38:28,0,node_disk_flush_requests_total,nbd6,172.18.0.2:9100,prometheus.scrape.annotated_pods
2025-07-12 05:39:28,0,node_disk_flush_requests_total,nbd6,172.18.0.2:9100,prometheus.scrape.annotated_pods
2025-07-12 05:40:28,0,node_disk_flush_requests_total,nbd6,172.18.0.2:9100,prometheus.scrape.annotated_pods
2025-07-12 05:41:28,0,node_disk_flush_requests_total,nbd6,172.18.0.2:9100,prometheus.scrape.annotated_pods
2025-07-12 05:42:28,0,node_disk_flush_requests_total,nbd6,172.18.0.2:9100,prometheus.scrape.annotated_pods
2025-07-12 05:43:28,0,node_disk_flush_requests_total,nbd6,172.18.0.2:9100,prometheus.scrape.annotated_pods
2025-07-12 05:44:28,0,node_disk_flush_requests_total,nbd6,172.18.0.2:9100,prometheus.scrape.annotated_pods
2025-07-12 05:45:28,0,node_disk_flush_requests_total,nbd6,172.18.0.2:9100,prometheus.scrape.annotated_pods
2025-07-12 05:46:28,0,node_disk_flush_requests_total,nbd6,172.18.0.2:9100,prometheus.scrape.annotated_pods
2025-07-12 05:47:28,0,node_disk_flush_requests_total,nbd6,172.18.0.2:9100,prometheus.scrape.annotated_pods
2025-07-12 05:48:28,0,node_disk_flush_requests_total,nbd6,172.18.0.2:9100,prometheus.scrape.annotated_pods
2025-07-12 05:49:28,0,node_disk_flush_requests_total,nbd6,172.18.0.2:9100,prometheus.scrape.annotated_pods
2025-07-12 05:50:28,0,node_disk_flush_requests_total,nbd6,172.18.0.2:9100,prometheus.scrape.annotated_pods
2025-07-12 05:51:28,0,node_disk_flush_requests_total,nbd6,172.18.0.2:9100,prometheus.scrape.annotated_pods
2025-07-12 05:52:28,0,node_disk_flush_requests_total,nbd6,172.18.0.2:9100,prometheus.scrape.annotated_pods
2025-07-12 05:53:28,0,node_disk_flush_requests_total,nbd6,172.18.0.2:9100,prometheus.scrape.annotated_pods
2025-07-12 05:54:28,0,node_disk_flush_requests_total,nbd6,172.18.0.2:9100,prometheus.scrape.annotated_pods
2025-07-12 05:55:28,0,node_disk_flush_requests_total,nbd6,172.18.0.2:9100,prometheus.scrape.annotated_pods
2025-07-12 05:56:28,0,node_disk_flush_requests_total,nbd6,172.18.0.2:9100,prometheus.scrape.annotated_pods
2025-07-12 05:57:28,0,node_disk_flush_requests_total,nbd6,172.18.0.2:9100,prometheus.scrape.annotated_pods
2025-07-12 05:58:28,0,node_disk_flush_requests_total,nbd6,172.18.0.2:9100,prometheus.scrape.annotated_pods
2025-07-12 05:59:28,0,node_disk_flush_requests_total,nbd6,172.18.0.2:9100,prometheus.scrape.annotated_pods
2025-07-12 06:00:28,0,node_disk_flush_requests_total,nbd6,172.18.0.2:9100,prometheus.scrape.annotated_pods
2025-07-12 06:01:28,0,node_disk_flush_requests_total,nbd6,172.18.0.2:9100,prometheus.scrape.annotated_pods
2025-07-12 06:02:28,0,node_disk_flush_requests_total,nbd6,172.18.0.2:9100,prometheus.scrape.annotated_pods
2025-07-12 06:03:28,0,node_disk_flush_requests_total,nbd6,172.18.0.2:9100,prometheus.scrape.annotated_pods
2025-07-12 06:04:28,0,node_disk_flush_requests_total,nbd6,172.18.0.2:9100,prometheus.scrape.annotated_pods
2025-07-12 06:05:28,0,node_disk_flush_requests_total,nbd6,172.18.0.2:9100,prometheus.scrape.annotated_pods
2025-07-12 06:06:28,0,node_disk_flush_requests_total,nbd6,172.18.0.2:9100,prometheus.scrape.annotated_pods
2025-07-12 06:07:28,0,node_disk_flush_requests_total,nbd6,172.18.0.2:9100,prometheus.scrape.annotated_pods
2025-07-12 06:08:28,0,node_disk_flush_requests_total,nbd6,172.18.0.2:9100,prometheus.scrape.annotated_pods
2025-07-12 06:09:28,0,node_disk_flush_requests_total,nbd6,172.18.0.2:9100,prometheus.scrape.annotated_pods
2025-07-12 06:10:28,0,node_disk_flush_requests_total,nbd6,172.18.0.2:9100,prometheus.scrape.annotated_pods
2025-07-12 06:11:28,0,node_disk_flush_requests_total,nbd6,172.18.0.2:9100,prometheus.scrape.annotated_pods
2025-07-12 06:12:28,0,node_disk_flush_requests_total,nbd6,172.18.0.2:9100,prometheus.scrape.annotated_pods
2025-07-12 06:13:28,0,node_disk_flush_requests_total,nbd6,172.18.0.2:9100,prometheus.scrape.annotated_pods
2025-07-12 05:29:28,0,node_disk_flush_requests_total,nbd6,172.18.0.3:9100,prometheus.scrape.annotated_pods
2025-07-12 05:30:28,0,node_disk_flush_requests_total,nbd6,172.18.0.3:9100,prometheus.scrape.annotated_pods
2025-07-12 05:31:28,0,node_disk_flush_requests_total,nbd6,172.18.0.3:9100,prometheus.scrape.annotated_pods
2025-07-12 05:32:28,0,node_disk_flush_requests_total,nbd6,172.18.0.3:9100,prometheus.scrape.annotated_pods
2025-07-12 05:33:28,0,node_disk_flush_requests_total,nbd6,172.18.0.3:9100,prometheus.scrape.annotated_pods
2025-07-12 05:34:28,0,node_disk_flush_requests_total,nbd6,172.18.0.3:9100,prometheus.scrape.annotated_pods
2025-07-12 05:35:28,0,node_disk_flush_requests_total,nbd6,172.18.0.3:9100,prometheus.scrape.annotated_pods
2025-07-12 05:36:28,0,node_disk_flush_requests_total,nbd6,172.18.0.3:9100,prometheus.scrape.annotated_pods
2025-07-12 05:37:28,0,node_disk_flush_requests_total,nbd6,172.18.0.3:9100,prometheus.scrape.annotated_pods
2025-07-12 05:38:28,0,node_disk_flush_requests_total,nbd6,172.18.0.3:9100,prometheus.scrape.annotated_pods
2025-07-12 05:39:28,0,node_disk_flush_requests_total,nbd6,172.18.0.3:9100,prometheus.scrape.annotated_pods
2025-07-12 05:40:28,0,node_disk_flush_requests_total,nbd6,172.18.0.3:9100,prometheus.scrape.annotated_pods
2025-07-12 05:41:28,0,node_disk_flush_requests_total,nbd6,172.18.0.3:9100,prometheus.scrape.annotated_pods
2025-07-12 05:42:28,0,node_disk_flush_requests_total,nbd6,172.18.0.3:9100,prometheus.scrape.annotated_pods
2025-07-12 05:43:28,0,node_disk_flush_requests_total,nbd6,172.18.0.3:9100,prometheus.scrape.annotated_pods
2025-07-12 05:44:28,0,node_disk_flush_requests_total,nbd6,172.18.0.3:9100,prometheus.scrape.annotated_pods
2025-07-12 05:45:28,0,node_disk_flush_requests_total,nbd6,172.18.0.3:9100,prometheus.scrape.annotated_pods
2025-07-12 05:46:28,0,node_disk_flush_requests_total,nbd6,172.18.0.3:9100,prometheus.scrape.annotated_pods
2025-07-12 05:47:28,0,node_disk_flush_requests_total,nbd6,172.18.0.3:9100,prometheus.scrape.annotated_pods
2025-07-12 05:48:28,0,node_disk_flush_requests_total,nbd6,172.18.0.3:9100,prometheus.scrape.annotated_pods
2025-07-12 05:49:28,0,node_disk_flush_requests_total,nbd6,172.18.0.3:9100,prometheus.scrape.annotated_pods
2025-07-12 05:50:28,0,node_disk_flush_requests_total,nbd6,172.18.0.3:9100,prometheus.scrape.annotated_pods
2025-07-12 05:51:28,0,node_disk_flush_requests_total,nbd6,172.18.0.3:9100,prometheus.scrape.annotated_pods
2025-07-12 05:52:28,0,node_disk_flush_requests_total,nbd6,172.18.0.3:9100,prometheus.scrape.annotated_pods
2025-07-12 05:53:28,0,node_disk_flush_requests_total,nbd6,172.18.0.3:9100,prometheus.scrape.annotated_pods
2025-07-12 05:54:28,0,node_disk_flush_requests_total,nbd6,172.18.0.3:9100,prometheus.scrape.annotated_pods
2025-07-12 05:55:28,0,node_disk_flush_requests_total,nbd6,172.18.0.3:9100,prometheus.scrape.annotated_pods
2025-07-12 05:56:28,0,node_disk_flush_requests_total,nbd6,172.18.0.3:9100,prometheus.scrape.annotated_pods
2025-07-12 05:57:28,0,node_disk_flush_requests_total,nbd6,172.18.0.3:9100,prometheus.scrape.annotated_pods
2025-07-12 05:58:28,0,node_disk_flush_requests_total,nbd6,172.18.0.3:9100,prometheus.scrape.annotated_pods
2025-07-12 05:59:28,0,node_disk_flush_requests_total,nbd6,172.18.0.3:9100,prometheus.scrape.annotated_pods
2025-07-12 06:00:28,0,node_disk_flush_requests_total,nbd6,172.18.0.3:9100,prometheus.scrape.annotated_pods
2025-07-12 06:01:28,0,node_disk_flush_requests_total,nbd6,172.18.0.3:9100,prometheus.scrape.annotated_pods
2025-07-12 06:02:28,0,node_disk_flush_requests_total,nbd6,172.18.0.3:9100,prometheus.scrape.annotated_pods
2025-07-12 06:03:28,0,node_disk_flush_requests_total,nbd6,172.18.0.3:9100,prometheus.scrape.annotated_pods
2025-07-12 06:04:28,0,node_disk_flush_requests_total,nbd6,172.18.0.3:9100,prometheus.scrape.annotated_pods
2025-07-12 06:05:28,0,node_disk_flush_requests_total,nbd6,172.18.0.3:9100,prometheus.scrape.annotated_pods
2025-07-12 06:06:28,0,node_disk_flush_requests_total,nbd6,172.18.0.3:9100,prometheus.scrape.annotated_pods
2025-07-12 06:07:28,0,node_disk_flush_requests_total,nbd6,172.18.0.3:9100,prometheus.scrape.annotated_pods
2025-07-12 06:08:28,0,node_disk_flush_requests_total,nbd6,172.18.0.3:9100,prometheus.scrape.annotated_pods
2025-07-12 06:09:28,0,node_disk_flush_requests_total,nbd6,172.18.0.3:9100,prometheus.scrape.annotated_pods
2025-07-12 06:10:28,0,node_disk_flush_requests_total,nbd6,172.18.0.3:9100,prometheus.scrape.annotated_pods
2025-07-12 06:11:28,0,node_disk_flush_requests_total,nbd6,172.18.0.3:9100,prometheus.scrape.annotated_pods
2025-07-12 06:12:28,0,node_disk_flush_requests_total,nbd6,172.18.0.3:9100,prometheus.scrape.annotated_pods
2025-07-12 06:13:28,0,node_disk_flush_requests_total,nbd6,172.18.0.3:9100,prometheus.scrape.annotated_pods
2025-07-12 05:29:28,0,node_disk_flush_requests_total,nbd6,172.18.0.4:9100,prometheus.scrape.annotated_pods
2025-07-12 05:30:28,0,node_disk_flush_requests_total,nbd6,172.18.0.4:9100,prometheus.scrape.annotated_pods
2025-07-12 05:31:28,0,node_disk_flush_requests_total,nbd6,172.18.0.4:9100,prometheus.scrape.annotated_pods
2025-07-12 05:32:28,0,node_disk_flush_requests_total,nbd6,172.18.0.4:9100,prometheus.scrape.annotated_pods
2025-07-12 05:33:28,0,node_disk_flush_requests_total,nbd6,172.18.0.4:9100,prometheus.scrape.annotated_pods
2025-07-12 05:34:28,0,node_disk_flush_requests_total,nbd6,172.18.0.4:9100,prometheus.scrape.annotated_pods
2025-07-12 05:35:28,0,node_disk_flush_requests_total,nbd6,172.18.0.4:9100,prometheus.scrape.annotated_pods
2025-07-12 05:36:28,0,node_disk_flush_requests_total,nbd6,172.18.0.4:9100,prometheus.scrape.annotated_pods
2025-07-12 05:37:28,0,node_disk_flush_requests_total,nbd6,172.18.0.4:9100,prometheus.scrape.annotated_pods
2025-07-12 05:38:28,0,node_disk_flush_requests_total,nbd6,172.18.0.4:9100,prometheus.scrape.annotated_pods
2025-07-12 05:39:28,0,node_disk_flush_requests_total,nbd6,172.18.0.4:9100,prometheus.scrape.annotated_pods
2025-07-12 05:40:28,0,node_disk_flush_requests_total,nbd6,172.18.0.4:9100,prometheus.scrape.annotated_pods
2025-07-12 05:41:28,0,node_disk_flush_requests_total,nbd6,172.18.0.4:9100,prometheus.scrape.annotated_pods
2025-07-12 05:42:28,0,node_disk_flush_requests_total,nbd6,172.18.0.4:9100,prometheus.scrape.annotated_pods
2025-07-12 05:43:28,0,node_disk_flush_requests_total,nbd6,172.18.0.4:9100,prometheus.scrape.annotated_pods
2025-07-12 05:44:28,0,node_disk_flush_requests_total,nbd6,172.18.0.4:9100,prometheus.scrape.annotated_pods
2025-07-12 05:45:28,0,node_disk_flush_requests_total,nbd6,172.18.0.4:9100,prometheus.scrape.annotated_pods
2025-07-12 05:46:28,0,node_disk_flush_requests_total,nbd6,172.18.0.4:9100,prometheus.scrape.annotated_pods
2025-07-12 05:47:28,0,node_disk_flush_requests_total,nbd6,172.18.0.4:9100,prometheus.scrape.annotated_pods
2025-07-12 05:48:28,0,node_disk_flush_requests_total,nbd6,172.18.0.4:9100,prometheus.scrape.annotated_pods
2025-07-12 05:49:28,0,node_disk_flush_requests_total,nbd6,172.18.0.4:9100,prometheus.scrape.annotated_pods
2025-07-12 05:50:28,0,node_disk_flush_requests_total,nbd6,172.18.0.4:9100,prometheus.scrape.annotated_pods
2025-07-12 05:51:28,0,node_disk_flush_requests_total,nbd6,172.18.0.4:9100,prometheus.scrape.annotated_pods
2025-07-12 05:52:28,0,node_disk_flush_requests_total,nbd6,172.18.0.4:9100,prometheus.scrape.annotated_pods
2025-07-12 05:53:28,0,node_disk_flush_requests_total,nbd6,172.18.0.4:9100,prometheus.scrape.annotated_pods
2025-07-12 05:54:28,0,node_disk_flush_requests_total,nbd6,172.18.0.4:9100,prometheus.scrape.annotated_pods
2025-07-12 05:55:28,0,node_disk_flush_requests_total,nbd6,172.18.0.4:9100,prometheus.scrape.annotated_pods
2025-07-12 05:56:28,0,node_disk_flush_requests_total,nbd6,172.18.0.4:9100,prometheus.scrape.annotated_pods
2025-07-12 05:57:28,0,node_disk_flush_requests_total,nbd6,172.18.0.4:9100,prometheus.scrape.annotated_pods
2025-07-12 05:58:28,0,node_disk_flush_requests_total,nbd6,172.18.0.4:9100,prometheus.scrape.annotated_pods
2025-07-12 05:59:28,0,node_disk_flush_requests_total,nbd6,172.18.0.4:9100,prometheus.scrape.annotated_pods
2025-07-12 06:00:28,0,node_disk_flush_requests_total,nbd6,172.18.0.4:9100,prometheus.scrape.annotated_pods
2025-07-12 06:01:28,0,node_disk_flush_requests_total,nbd6,172.18.0.4:9100,prometheus.scrape.annotated_pods
2025-07-12 06:02:28,0,node_disk_flush_requests_total,nbd6,172.18.0.4:9100,prometheus.scrape.annotated_pods
2025-07-12 06:03:28,0,node_disk_flush_requests_total,nbd6,172.18.0.4:9100,prometheus.scrape.annotated_pods
2025-07-12 06:04:28,0,node_disk_flush_requests_total,nbd6,172.18.0.4:9100,prometheus.scrape.annotated_pods
2025-07-12 06:05:28,0,node_disk_flush_requests_total,nbd6,172.18.0.4:9100,prometheus.scrape.annotated_pods
2025-07-12 06:06:28,0,node_disk_flush_requests_total,nbd6,172.18.0.4:9100,prometheus.scrape.annotated_pods
2025-07-12 06:07:28,0,node_disk_flush_requests_total,nbd6,172.18.0.4:9100,prometheus.scrape.annotated_pods
2025-07-12 06:08:28,0,node_disk_flush_requests_total,nbd6,172.18.0.4:9100,prometheus.scrape.annotated_pods
2025-07-12 06:09:28,0,node_disk_flush_requests_total,nbd6,172.18.0.4:9100,prometheus.scrape.annotated_pods
2025-07-12 06:10:28,0,node_disk_flush_requests_total,nbd6,172.18.0.4:9100,prometheus.scrape.annotated_pods
2025-07-12 06:11:28,0,node_disk_flush_requests_total,nbd6,172.18.0.4:9100,prometheus.scrape.annotated_pods
2025-07-12 06:12:28,0,node_disk_flush_requests_total,nbd6,172.18.0.4:9100,prometheus.scrape.annotated_pods
2025-07-12 06:13:28,0,node_disk_flush_requests_total,nbd6,172.18.0.4:9100,prometheus.scrape.annotated_pods
2025-07-12 05:30:28,0,node_disk_flush_requests_total,nbd6,node-exporter.nimbusguard.svc:9100,prometheus.scrape.node_exporter
2025-07-12 05:31:28,0,node_disk_flush_requests_total,nbd6,node-exporter.nimbusguard.svc:9100,prometheus.scrape.node_exporter
2025-07-12 05:32:28,0,node_disk_flush_requests_total,nbd6,node-exporter.nimbusguard.svc:9100,prometheus.scrape.node_exporter
2025-07-12 05:33:28,0,node_disk_flush_requests_total,nbd6,node-exporter.nimbusguard.svc:9100,prometheus.scrape.node_exporter
2025-07-12 05:34:28,0,node_disk_flush_requests_total,nbd6,node-exporter.nimbusguard.svc:9100,prometheus.scrape.node_exporter
2025-07-12 05:35:28,0,node_disk_flush_requests_total,nbd6,node-exporter.nimbusguard.svc:9100,prometheus.scrape.node_exporter
2025-07-12 05:36:28,0,node_disk_flush_requests_total,nbd6,node-exporter.nimbusguard.svc:9100,prometheus.scrape.node_exporter
2025-07-12 05:37:28,0,node_disk_flush_requests_total,nbd6,node-exporter.nimbusguard.svc:9100,prometheus.scrape.node_exporter
2025-07-12 05:38:28,0,node_disk_flush_requests_total,nbd6,node-exporter.nimbusguard.svc:9100,prometheus.scrape.node_exporter
2025-07-12 05:39:28,0,node_disk_flush_requests_total,nbd6,node-exporter.nimbusguard.svc:9100,prometheus.scrape.node_exporter
2025-07-12 05:40:28,0,node_disk_flush_requests_total,nbd6,node-exporter.nimbusguard.svc:9100,prometheus.scrape.node_exporter
2025-07-12 05:41:28,0,node_disk_flush_requests_total,nbd6,node-exporter.nimbusguard.svc:9100,prometheus.scrape.node_exporter
2025-07-12 05:42:28,0,node_disk_flush_requests_total,nbd6,node-exporter.nimbusguard.svc:9100,prometheus.scrape.node_exporter
2025-07-12 05:43:28,0,node_disk_flush_requests_total,nbd6,node-exporter.nimbusguard.svc:9100,prometheus.scrape.node_exporter
2025-07-12 05:44:28,0,node_disk_flush_requests_total,nbd6,node-exporter.nimbusguard.svc:9100,prometheus.scrape.node_exporter
2025-07-12 05:45:28,0,node_disk_flush_requests_total,nbd6,node-exporter.nimbusguard.svc:9100,prometheus.scrape.node_exporter
2025-07-12 05:46:28,0,node_disk_flush_requests_total,nbd6,node-exporter.nimbusguard.svc:9100,prometheus.scrape.node_exporter
2025-07-12 05:47:28,0,node_disk_flush_requests_total,nbd6,node-exporter.nimbusguard.svc:9100,prometheus.scrape.node_exporter
2025-07-12 05:48:28,0,node_disk_flush_requests_total,nbd6,node-exporter.nimbusguard.svc:9100,prometheus.scrape.node_exporter
2025-07-12 05:49:28,0,node_disk_flush_requests_total,nbd6,node-exporter.nimbusguard.svc:9100,prometheus.scrape.node_exporter
2025-07-12 05:50:28,0,node_disk_flush_requests_total,nbd6,node-exporter.nimbusguard.svc:9100,prometheus.scrape.node_exporter
2025-07-12 05:51:28,0,node_disk_flush_requests_total,nbd6,node-exporter.nimbusguard.svc:9100,prometheus.scrape.node_exporter
2025-07-12 05:52:28,0,node_disk_flush_requests_total,nbd6,node-exporter.nimbusguard.svc:9100,prometheus.scrape.node_exporter
2025-07-12 05:53:28,0,node_disk_flush_requests_total,nbd6,node-exporter.nimbusguard.svc:9100,prometheus.scrape.node_exporter
2025-07-12 05:54:28,0,node_disk_flush_requests_total,nbd6,node-exporter.nimbusguard.svc:9100,prometheus.scrape.node_exporter
2025-07-12 05:55:28,0,node_disk_flush_requests_total,nbd6,node-exporter.nimbusguard.svc:9100,prometheus.scrape.node_exporter
2025-07-12 05:56:28,0,node_disk_flush_requests_total,nbd6,node-exporter.nimbusguard.svc:9100,prometheus.scrape.node_exporter
2025-07-12 05:57:28,0,node_disk_flush_requests_total,nbd6,node-exporter.nimbusguard.svc:9100,prometheus.scrape.node_exporter
2025-07-12 05:58:28,0,node_disk_flush_requests_total,nbd6,node-exporter.nimbusguard.svc:9100,prometheus.scrape.node_exporter
2025-07-12 05:59:28,0,node_disk_flush_requests_total,nbd6,node-exporter.nimbusguard.svc:9100,prometheus.scrape.node_exporter
2025-07-12 06:00:28,0,node_disk_flush_requests_total,nbd6,node-exporter.nimbusguard.svc:9100,prometheus.scrape.node_exporter
2025-07-12 06:01:28,0,node_disk_flush_requests_total,nbd6,node-exporter.nimbusguard.svc:9100,prometheus.scrape.node_exporter
2025-07-12 06:02:28,0,node_disk_flush_requests_total,nbd6,node-exporter.nimbusguard.svc:9100,prometheus.scrape.node_exporter
2025-07-12 06:03:28,0,node_disk_flush_requests_total,nbd6,node-exporter.nimbusguard.svc:9100,prometheus.scrape.node_exporter
2025-07-12 06:04:28,0,node_disk_flush_requests_total,nbd6,node-exporter.nimbusguard.svc:9100,prometheus.scrape.node_exporter
2025-07-12 06:05:28,0,node_disk_flush_requests_total,nbd6,node-exporter.nimbusguard.svc:9100,prometheus.scrape.node_exporter
2025-07-12 06:06:28,0,node_disk_flush_requests_total,nbd6,node-exporter.nimbusguard.svc:9100,prometheus.scrape.node_exporter
2025-07-12 06:07:28,0,node_disk_flush_requests_total,nbd6,node-exporter.nimbusguard.svc:9100,prometheus.scrape.node_exporter
2025-07-12 06:08:28,0,node_disk_flush_requests_total,nbd6,node-exporter.nimbusguard.svc:9100,prometheus.scrape.node_exporter
2025-07-12 06:09:28,0,node_disk_flush_requests_total,nbd6,node-exporter.nimbusguard.svc:9100,prometheus.scrape.node_exporter
2025-07-12 06:10:28,0,node_disk_flush_requests_total,nbd6,node-exporter.nimbusguard.svc:9100,prometheus.scrape.node_exporter
2025-07-12 06:11:28,0,node_disk_flush_requests_total,nbd6,node-exporter.nimbusguard.svc:9100,prometheus.scrape.node_exporter
2025-07-12 06:12:28,0,node_disk_flush_requests_total,nbd6,node-exporter.nimbusguard.svc:9100,prometheus.scrape.node_exporter
2025-07-12 06:13:28,0,node_disk_flush_requests_total,nbd6,node-exporter.nimbusguard.svc:9100,prometheus.scrape.node_exporter
2025-07-12 05:30:28,0,node_disk_flush_requests_total,nbd7,172.18.0.2:9100,prometheus.scrape.annotated_pods
2025-07-12 05:31:28,0,node_disk_flush_requests_total,nbd7,172.18.0.2:9100,prometheus.scrape.annotated_pods
2025-07-12 05:32:28,0,node_disk_flush_requests_total,nbd7,172.18.0.2:9100,prometheus.scrape.annotated_pods
2025-07-12 05:33:28,0,node_disk_flush_requests_total,nbd7,172.18.0.2:9100,prometheus.scrape.annotated_pods
2025-07-12 05:34:28,0,node_disk_flush_requests_total,nbd7,172.18.0.2:9100,prometheus.scrape.annotated_pods
2025-07-12 05:35:28,0,node_disk_flush_requests_total,nbd7,172.18.0.2:9100,prometheus.scrape.annotated_pods
2025-07-12 05:36:28,0,node_disk_flush_requests_total,nbd7,172.18.0.2:9100,prometheus.scrape.annotated_pods
2025-07-12 05:37:28,0,node_disk_flush_requests_total,nbd7,172.18.0.2:9100,prometheus.scrape.annotated_pods
2025-07-12 05:38:28,0,node_disk_flush_requests_total,nbd7,172.18.0.2:9100,prometheus.scrape.annotated_pods
2025-07-12 05:39:28,0,node_disk_flush_requests_total,nbd7,172.18.0.2:9100,prometheus.scrape.annotated_pods
2025-07-12 05:40:28,0,node_disk_flush_requests_total,nbd7,172.18.0.2:9100,prometheus.scrape.annotated_pods
2025-07-12 05:41:28,0,node_disk_flush_requests_total,nbd7,172.18.0.2:9100,prometheus.scrape.annotated_pods
2025-07-12 05:42:28,0,node_disk_flush_requests_total,nbd7,172.18.0.2:9100,prometheus.scrape.annotated_pods
2025-07-12 05:43:28,0,node_disk_flush_requests_total,nbd7,172.18.0.2:9100,prometheus.scrape.annotated_pods
2025-07-12 05:44:28,0,node_disk_flush_requests_total,nbd7,172.18.0.2:9100,prometheus.scrape.annotated_pods
2025-07-12 05:45:28,0,node_disk_flush_requests_total,nbd7,172.18.0.2:9100,prometheus.scrape.annotated_pods
2025-07-12 05:46:28,0,node_disk_flush_requests_total,nbd7,172.18.0.2:9100,prometheus.scrape.annotated_pods
2025-07-12 05:47:28,0,node_disk_flush_requests_total,nbd7,172.18.0.2:9100,prometheus.scrape.annotated_pods
2025-07-12 05:48:28,0,node_disk_flush_requests_total,nbd7,172.18.0.2:9100,prometheus.scrape.annotated_pods
2025-07-12 05:49:28,0,node_disk_flush_requests_total,nbd7,172.18.0.2:9100,prometheus.scrape.annotated_pods
2025-07-12 05:50:28,0,node_disk_flush_requests_total,nbd7,172.18.0.2:9100,prometheus.scrape.annotated_pods
2025-07-12 05:51:28,0,node_disk_flush_requests_total,nbd7,172.18.0.2:9100,prometheus.scrape.annotated_pods
2025-07-12 05:52:28,0,node_disk_flush_requests_total,nbd7,172.18.0.2:9100,prometheus.scrape.annotated_pods
2025-07-12 05:53:28,0,node_disk_flush_requests_total,nbd7,172.18.0.2:9100,prometheus.scrape.annotated_pods
2025-07-12 05:54:28,0,node_disk_flush_requests_total,nbd7,172.18.0.2:9100,prometheus.scrape.annotated_pods
2025-07-12 05:55:28,0,node_disk_flush_requests_total,nbd7,172.18.0.2:9100,prometheus.scrape.annotated_pods
2025-07-12 05:56:28,0,node_disk_flush_requests_total,nbd7,172.18.0.2:9100,prometheus.scrape.annotated_pods
2025-07-12 05:57:28,0,node_disk_flush_requests_total,nbd7,172.18.0.2:9100,prometheus.scrape.annotated_pods
2025-07-12 05:58:28,0,node_disk_flush_requests_total,nbd7,172.18.0.2:9100,prometheus.scrape.annotated_pods
2025-07-12 05:59:28,0,node_disk_flush_requests_total,nbd7,172.18.0.2:9100,prometheus.scrape.annotated_pods
2025-07-12 06:00:28,0,node_disk_flush_requests_total,nbd7,172.18.0.2:9100,prometheus.scrape.annotated_pods
2025-07-12 06:01:28,0,node_disk_flush_requests_total,nbd7,172.18.0.2:9100,prometheus.scrape.annotated_pods
2025-07-12 06:02:28,0,node_disk_flush_requests_total,nbd7,172.18.0.2:9100,prometheus.scrape.annotated_pods
2025-07-12 06:03:28,0,node_disk_flush_requests_total,nbd7,172.18.0.2:9100,prometheus.scrape.annotated_pods
2025-07-12 06:04:28,0,node_disk_flush_requests_total,nbd7,172.18.0.2:9100,prometheus.scrape.annotated_pods
2025-07-12 06:05:28,0,node_disk_flush_requests_total,nbd7,172.18.0.2:9100,prometheus.scrape.annotated_pods
2025-07-12 06:06:28,0,node_disk_flush_requests_total,nbd7,172.18.0.2:9100,prometheus.scrape.annotated_pods
2025-07-12 06:07:28,0,node_disk_flush_requests_total,nbd7,172.18.0.2:9100,prometheus.scrape.annotated_pods
2025-07-12 06:08:28,0,node_disk_flush_requests_total,nbd7,172.18.0.2:9100,prometheus.scrape.annotated_pods
2025-07-12 06:09:28,0,node_disk_flush_requests_total,nbd7,172.18.0.2:9100,prometheus.scrape.annotated_pods
2025-07-12 06:10:28,0,node_disk_flush_requests_total,nbd7,172.18.0.2:9100,prometheus.scrape.annotated_pods
2025-07-12 06:11:28,0,node_disk_flush_requests_total,nbd7,172.18.0.2:9100,prometheus.scrape.annotated_pods
2025-07-12 06:12:28,0,node_disk_flush_requests_total,nbd7,172.18.0.2:9100,prometheus.scrape.annotated_pods
2025-07-12 06:13:28,0,node_disk_flush_requests_total,nbd7,172.18.0.2:9100,prometheus.scrape.annotated_pods
2025-07-12 05:29:28,0,node_disk_flush_requests_total,nbd7,172.18.0.3:9100,prometheus.scrape.annotated_pods
2025-07-12 05:30:28,0,node_disk_flush_requests_total,nbd7,172.18.0.3:9100,prometheus.scrape.annotated_pods
2025-07-12 05:31:28,0,node_disk_flush_requests_total,nbd7,172.18.0.3:9100,prometheus.scrape.annotated_pods
2025-07-12 05:32:28,0,node_disk_flush_requests_total,nbd7,172.18.0.3:9100,prometheus.scrape.annotated_pods
2025-07-12 05:33:28,0,node_disk_flush_requests_total,nbd7,172.18.0.3:9100,prometheus.scrape.annotated_pods
2025-07-12 05:34:28,0,node_disk_flush_requests_total,nbd7,172.18.0.3:9100,prometheus.scrape.annotated_pods
2025-07-12 05:35:28,0,node_disk_flush_requests_total,nbd7,172.18.0.3:9100,prometheus.scrape.annotated_pods
2025-07-12 05:36:28,0,node_disk_flush_requests_total,nbd7,172.18.0.3:9100,prometheus.scrape.annotated_pods
2025-07-12 05:37:28,0,node_disk_flush_requests_total,nbd7,172.18.0.3:9100,prometheus.scrape.annotated_pods
2025-07-12 05:38:28,0,node_disk_flush_requests_total,nbd7,172.18.0.3:9100,prometheus.scrape.annotated_pods
2025-07-12 05:39:28,0,node_disk_flush_requests_total,nbd7,172.18.0.3:9100,prometheus.scrape.annotated_pods
2025-07-12 05:40:28,0,node_disk_flush_requests_total,nbd7,172.18.0.3:9100,prometheus.scrape.annotated_pods
2025-07-12 05:41:28,0,node_disk_flush_requests_total,nbd7,172.18.0.3:9100,prometheus.scrape.annotated_pods
2025-07-12 05:42:28,0,node_disk_flush_requests_total,nbd7,172.18.0.3:9100,prometheus.scrape.annotated_pods
2025-07-12 05:43:28,0,node_disk_flush_requests_total,nbd7,172.18.0.3:9100,prometheus.scrape.annotated_pods
2025-07-12 05:44:28,0,node_disk_flush_requests_total,nbd7,172.18.0.3:9100,prometheus.scrape.annotated_pods
2025-07-12 05:45:28,0,node_disk_flush_requests_total,nbd7,172.18.0.3:9100,prometheus.scrape.annotated_pods
2025-07-12 05:46:28,0,node_disk_flush_requests_total,nbd7,172.18.0.3:9100,prometheus.scrape.annotated_pods
2025-07-12 05:47:28,0,node_disk_flush_requests_total,nbd7,172.18.0.3:9100,prometheus.scrape.annotated_pods
2025-07-12 05:48:28,0,node_disk_flush_requests_total,nbd7,172.18.0.3:9100,prometheus.scrape.annotated_pods
2025-07-12 05:49:28,0,node_disk_flush_requests_total,nbd7,172.18.0.3:9100,prometheus.scrape.annotated_pods
2025-07-12 05:50:28,0,node_disk_flush_requests_total,nbd7,172.18.0.3:9100,prometheus.scrape.annotated_pods
2025-07-12 05:51:28,0,node_disk_flush_requests_total,nbd7,172.18.0.3:9100,prometheus.scrape.annotated_pods
2025-07-12 05:52:28,0,node_disk_flush_requests_total,nbd7,172.18.0.3:9100,prometheus.scrape.annotated_pods
2025-07-12 05:53:28,0,node_disk_flush_requests_total,nbd7,172.18.0.3:9100,prometheus.scrape.annotated_pods
2025-07-12 05:54:28,0,node_disk_flush_requests_total,nbd7,172.18.0.3:9100,prometheus.scrape.annotated_pods
2025-07-12 05:55:28,0,node_disk_flush_requests_total,nbd7,172.18.0.3:9100,prometheus.scrape.annotated_pods
2025-07-12 05:56:28,0,node_disk_flush_requests_total,nbd7,172.18.0.3:9100,prometheus.scrape.annotated_pods
2025-07-12 05:57:28,0,node_disk_flush_requests_total,nbd7,172.18.0.3:9100,prometheus.scrape.annotated_pods
2025-07-12 05:58:28,0,node_disk_flush_requests_total,nbd7,172.18.0.3:9100,prometheus.scrape.annotated_pods
2025-07-12 05:59:28,0,node_disk_flush_requests_total,nbd7,172.18.0.3:9100,prometheus.scrape.annotated_pods
2025-07-12 06:00:28,0,node_disk_flush_requests_total,nbd7,172.18.0.3:9100,prometheus.scrape.annotated_pods
2025-07-12 06:01:28,0,node_disk_flush_requests_total,nbd7,172.18.0.3:9100,prometheus.scrape.annotated_pods
2025-07-12 06:02:28,0,node_disk_flush_requests_total,nbd7,172.18.0.3:9100,prometheus.scrape.annotated_pods
2025-07-12 06:03:28,0,node_disk_flush_requests_total,nbd7,172.18.0.3:9100,prometheus.scrape.annotated_pods
2025-07-12 06:04:28,0,node_disk_flush_requests_total,nbd7,172.18.0.3:9100,prometheus.scrape.annotated_pods
2025-07-12 06:05:28,0,node_disk_flush_requests_total,nbd7,172.18.0.3:9100,prometheus.scrape.annotated_pods
2025-07-12 06:06:28,0,node_disk_flush_requests_total,nbd7,172.18.0.3:9100,prometheus.scrape.annotated_pods
2025-07-12 06:07:28,0,node_disk_flush_requests_total,nbd7,172.18.0.3:9100,prometheus.scrape.annotated_pods
2025-07-12 06:08:28,0,node_disk_flush_requests_total,nbd7,172.18.0.3:9100,prometheus.scrape.annotated_pods
2025-07-12 06:09:28,0,node_disk_flush_requests_total,nbd7,172.18.0.3:9100,prometheus.scrape.annotated_pods
2025-07-12 06:10:28,0,node_disk_flush_requests_total,nbd7,172.18.0.3:9100,prometheus.scrape.annotated_pods
2025-07-12 06:11:28,0,node_disk_flush_requests_total,nbd7,172.18.0.3:9100,prometheus.scrape.annotated_pods
2025-07-12 06:12:28,0,node_disk_flush_requests_total,nbd7,172.18.0.3:9100,prometheus.scrape.annotated_pods
2025-07-12 06:13:28,0,node_disk_flush_requests_total,nbd7,172.18.0.3:9100,prometheus.scrape.annotated_pods
2025-07-12 05:29:28,0,node_disk_flush_requests_total,nbd7,172.18.0.4:9100,prometheus.scrape.annotated_pods
2025-07-12 05:30:28,0,node_disk_flush_requests_total,nbd7,172.18.0.4:9100,prometheus.scrape.annotated_pods
2025-07-12 05:31:28,0,node_disk_flush_requests_total,nbd7,172.18.0.4:9100,prometheus.scrape.annotated_pods
2025-07-12 05:32:28,0,node_disk_flush_requests_total,nbd7,172.18.0.4:9100,prometheus.scrape.annotated_pods
2025-07-12 05:33:28,0,node_disk_flush_requests_total,nbd7,172.18.0.4:9100,prometheus.scrape.annotated_pods
2025-07-12 05:34:28,0,node_disk_flush_requests_total,nbd7,172.18.0.4:9100,prometheus.scrape.annotated_pods
2025-07-12 05:35:28,0,node_disk_flush_requests_total,nbd7,172.18.0.4:9100,prometheus.scrape.annotated_pods
2025-07-12 05:36:28,0,node_disk_flush_requests_total,nbd7,172.18.0.4:9100,prometheus.scrape.annotated_pods
2025-07-12 05:37:28,0,node_disk_flush_requests_total,nbd7,172.18.0.4:9100,prometheus.scrape.annotated_pods
2025-07-12 05:38:28,0,node_disk_flush_requests_total,nbd7,172.18.0.4:9100,prometheus.scrape.annotated_pods
2025-07-12 05:39:28,0,node_disk_flush_requests_total,nbd7,172.18.0.4:9100,prometheus.scrape.annotated_pods
2025-07-12 05:40:28,0,node_disk_flush_requests_total,nbd7,172.18.0.4:9100,prometheus.scrape.annotated_pods
2025-07-12 05:41:28,0,node_disk_flush_requests_total,nbd7,172.18.0.4:9100,prometheus.scrape.annotated_pods
2025-07-12 05:42:28,0,node_disk_flush_requests_total,nbd7,172.18.0.4:9100,prometheus.scrape.annotated_pods
2025-07-12 05:43:28,0,node_disk_flush_requests_total,nbd7,172.18.0.4:9100,prometheus.scrape.annotated_pods
2025-07-12 05:44:28,0,node_disk_flush_requests_total,nbd7,172.18.0.4:9100,prometheus.scrape.annotated_pods
2025-07-12 05:45:28,0,node_disk_flush_requests_total,nbd7,172.18.0.4:9100,prometheus.scrape.annotated_pods
2025-07-12 05:46:28,0,node_disk_flush_requests_total,nbd7,172.18.0.4:9100,prometheus.scrape.annotated_pods
2025-07-12 05:47:28,0,node_disk_flush_requests_total,nbd7,172.18.0.4:9100,prometheus.scrape.annotated_pods
2025-07-12 05:48:28,0,node_disk_flush_requests_total,nbd7,172.18.0.4:9100,prometheus.scrape.annotated_pods
2025-07-12 05:49:28,0,node_disk_flush_requests_total,nbd7,172.18.0.4:9100,prometheus.scrape.annotated_pods
2025-07-12 05:50:28,0,node_disk_flush_requests_total,nbd7,172.18.0.4:9100,prometheus.scrape.annotated_pods
2025-07-12 05:51:28,0,node_disk_flush_requests_total,nbd7,172.18.0.4:9100,prometheus.scrape.annotated_pods
2025-07-12 05:52:28,0,node_disk_flush_requests_total,nbd7,172.18.0.4:9100,prometheus.scrape.annotated_pods
2025-07-12 05:53:28,0,node_disk_flush_requests_total,nbd7,172.18.0.4:9100,prometheus.scrape.annotated_pods
2025-07-12 05:54:28,0,node_disk_flush_requests_total,nbd7,172.18.0.4:9100,prometheus.scrape.annotated_pods
2025-07-12 05:55:28,0,node_disk_flush_requests_total,nbd7,172.18.0.4:9100,prometheus.scrape.annotated_pods
2025-07-12 05:56:28,0,node_disk_flush_requests_total,nbd7,172.18.0.4:9100,prometheus.scrape.annotated_pods
2025-07-12 05:57:28,0,node_disk_flush_requests_total,nbd7,172.18.0.4:9100,prometheus.scrape.annotated_pods
2025-07-12 05:58:28,0,node_disk_flush_requests_total,nbd7,172.18.0.4:9100,prometheus.scrape.annotated_pods
2025-07-12 05:59:28,0,node_disk_flush_requests_total,nbd7,172.18.0.4:9100,prometheus.scrape.annotated_pods
2025-07-12 06:00:28,0,node_disk_flush_requests_total,nbd7,172.18.0.4:9100,prometheus.scrape.annotated_pods
2025-07-12 06:01:28,0,node_disk_flush_requests_total,nbd7,172.18.0.4:9100,prometheus.scrape.annotated_pods
2025-07-12 06:02:28,0,node_disk_flush_requests_total,nbd7,172.18.0.4:9100,prometheus.scrape.annotated_pods
2025-07-12 06:03:28,0,node_disk_flush_requests_total,nbd7,172.18.0.4:9100,prometheus.scrape.annotated_pods
2025-07-12 06:04:28,0,node_disk_flush_requests_total,nbd7,172.18.0.4:9100,prometheus.scrape.annotated_pods
2025-07-12 06:05:28,0,node_disk_flush_requests_total,nbd7,172.18.0.4:9100,prometheus.scrape.annotated_pods
2025-07-12 06:06:28,0,node_disk_flush_requests_total,nbd7,172.18.0.4:9100,prometheus.scrape.annotated_pods
2025-07-12 06:07:28,0,node_disk_flush_requests_total,nbd7,172.18.0.4:9100,prometheus.scrape.annotated_pods
2025-07-12 06:08:28,0,node_disk_flush_requests_total,nbd7,172.18.0.4:9100,prometheus.scrape.annotated_pods
2025-07-12 06:09:28,0,node_disk_flush_requests_total,nbd7,172.18.0.4:9100,prometheus.scrape.annotated_pods
2025-07-12 06:10:28,0,node_disk_flush_requests_total,nbd7,172.18.0.4:9100,prometheus.scrape.annotated_pods
2025-07-12 06:11:28,0,node_disk_flush_requests_total,nbd7,172.18.0.4:9100,prometheus.scrape.annotated_pods
2025-07-12 06:12:28,0,node_disk_flush_requests_total,nbd7,172.18.0.4:9100,prometheus.scrape.annotated_pods
2025-07-12 06:13:28,0,node_disk_flush_requests_total,nbd7,172.18.0.4:9100,prometheus.scrape.annotated_pods
2025-07-12 05:30:28,0,node_disk_flush_requests_total,nbd7,node-exporter.nimbusguard.svc:9100,prometheus.scrape.node_exporter
2025-07-12 05:31:28,0,node_disk_flush_requests_total,nbd7,node-exporter.nimbusguard.svc:9100,prometheus.scrape.node_exporter
2025-07-12 05:32:28,0,node_disk_flush_requests_total,nbd7,node-exporter.nimbusguard.svc:9100,prometheus.scrape.node_exporter
2025-07-12 05:33:28,0,node_disk_flush_requests_total,nbd7,node-exporter.nimbusguard.svc:9100,prometheus.scrape.node_exporter
2025-07-12 05:34:28,0,node_disk_flush_requests_total,nbd7,node-exporter.nimbusguard.svc:9100,prometheus.scrape.node_exporter
2025-07-12 05:35:28,0,node_disk_flush_requests_total,nbd7,node-exporter.nimbusguard.svc:9100,prometheus.scrape.node_exporter
2025-07-12 05:36:28,0,node_disk_flush_requests_total,nbd7,node-exporter.nimbusguard.svc:9100,prometheus.scrape.node_exporter
2025-07-12 05:37:28,0,node_disk_flush_requests_total,nbd7,node-exporter.nimbusguard.svc:9100,prometheus.scrape.node_exporter
2025-07-12 05:38:28,0,node_disk_flush_requests_total,nbd7,node-exporter.nimbusguard.svc:9100,prometheus.scrape.node_exporter
2025-07-12 05:39:28,0,node_disk_flush_requests_total,nbd7,node-exporter.nimbusguard.svc:9100,prometheus.scrape.node_exporter
2025-07-12 05:40:28,0,node_disk_flush_requests_total,nbd7,node-exporter.nimbusguard.svc:9100,prometheus.scrape.node_exporter
2025-07-12 05:41:28,0,node_disk_flush_requests_total,nbd7,node-exporter.nimbusguard.svc:9100,prometheus.scrape.node_exporter
2025-07-12 05:42:28,0,node_disk_flush_requests_total,nbd7,node-exporter.nimbusguard.svc:9100,prometheus.scrape.node_exporter
2025-07-12 05:43:28,0,node_disk_flush_requests_total,nbd7,node-exporter.nimbusguard.svc:9100,prometheus.scrape.node_exporter
2025-07-12 05:44:28,0,node_disk_flush_requests_total,nbd7,node-exporter.nimbusguard.svc:9100,prometheus.scrape.node_exporter
2025-07-12 05:45:28,0,node_disk_flush_requests_total,nbd7,node-exporter.nimbusguard.svc:9100,prometheus.scrape.node_exporter
2025-07-12 05:46:28,0,node_disk_flush_requests_total,nbd7,node-exporter.nimbusguard.svc:9100,prometheus.scrape.node_exporter
2025-07-12 05:47:28,0,node_disk_flush_requests_total,nbd7,node-exporter.nimbusguard.svc:9100,prometheus.scrape.node_exporter
2025-07-12 05:48:28,0,node_disk_flush_requests_total,nbd7,node-exporter.nimbusguard.svc:9100,prometheus.scrape.node_exporter
2025-07-12 05:49:28,0,node_disk_flush_requests_total,nbd7,node-exporter.nimbusguard.svc:9100,prometheus.scrape.node_exporter
2025-07-12 05:50:28,0,node_disk_flush_requests_total,nbd7,node-exporter.nimbusguard.svc:9100,prometheus.scrape.node_exporter
2025-07-12 05:51:28,0,node_disk_flush_requests_total,nbd7,node-exporter.nimbusguard.svc:9100,prometheus.scrape.node_exporter
2025-07-12 05:52:28,0,node_disk_flush_requests_total,nbd7,node-exporter.nimbusguard.svc:9100,prometheus.scrape.node_exporter
2025-07-12 05:53:28,0,node_disk_flush_requests_total,nbd7,node-exporter.nimbusguard.svc:9100,prometheus.scrape.node_exporter
2025-07-12 05:54:28,0,node_disk_flush_requests_total,nbd7,node-exporter.nimbusguard.svc:9100,prometheus.scrape.node_exporter
2025-07-12 05:55:28,0,node_disk_flush_requests_total,nbd7,node-exporter.nimbusguard.svc:9100,prometheus.scrape.node_exporter
2025-07-12 05:56:28,0,node_disk_flush_requests_total,nbd7,node-exporter.nimbusguard.svc:9100,prometheus.scrape.node_exporter
2025-07-12 05:57:28,0,node_disk_flush_requests_total,nbd7,node-exporter.nimbusguard.svc:9100,prometheus.scrape.node_exporter
2025-07-12 05:58:28,0,node_disk_flush_requests_total,nbd7,node-exporter.nimbusguard.svc:9100,prometheus.scrape.node_exporter
2025-07-12 05:59:28,0,node_disk_flush_requests_total,nbd7,node-exporter.nimbusguard.svc:9100,prometheus.scrape.node_exporter
2025-07-12 06:00:28,0,node_disk_flush_requests_total,nbd7,node-exporter.nimbusguard.svc:9100,prometheus.scrape.node_exporter
2025-07-12 06:01:28,0,node_disk_flush_requests_total,nbd7,node-exporter.nimbusguard.svc:9100,prometheus.scrape.node_exporter
2025-07-12 06:02:28,0,node_disk_flush_requests_total,nbd7,node-exporter.nimbusguard.svc:9100,prometheus.scrape.node_exporter
2025-07-12 06:03:28,0,node_disk_flush_requests_total,nbd7,node-exporter.nimbusguard.svc:9100,prometheus.scrape.node_exporter
2025-07-12 06:04:28,0,node_disk_flush_requests_total,nbd7,node-exporter.nimbusguard.svc:9100,prometheus.scrape.node_exporter
2025-07-12 06:05:28,0,node_disk_flush_requests_total,nbd7,node-exporter.nimbusguard.svc:9100,prometheus.scrape.node_exporter
2025-07-12 06:06:28,0,node_disk_flush_requests_total,nbd7,node-exporter.nimbusguard.svc:9100,prometheus.scrape.node_exporter
2025-07-12 06:07:28,0,node_disk_flush_requests_total,nbd7,node-exporter.nimbusguard.svc:9100,prometheus.scrape.node_exporter
2025-07-12 06:08:28,0,node_disk_flush_requests_total,nbd7,node-exporter.nimbusguard.svc:9100,prometheus.scrape.node_exporter
2025-07-12 06:09:28,0,node_disk_flush_requests_total,nbd7,node-exporter.nimbusguard.svc:9100,prometheus.scrape.node_exporter
2025-07-12 06:10:28,0,node_disk_flush_requests_total,nbd7,node-exporter.nimbusguard.svc:9100,prometheus.scrape.node_exporter
2025-07-12 06:11:28,0,node_disk_flush_requests_total,nbd7,node-exporter.nimbusguard.svc:9100,prometheus.scrape.node_exporter
2025-07-12 06:12:28,0,node_disk_flush_requests_total,nbd7,node-exporter.nimbusguard.svc:9100,prometheus.scrape.node_exporter
2025-07-12 06:13:28,0,node_disk_flush_requests_total,nbd7,node-exporter.nimbusguard.svc:9100,prometheus.scrape.node_exporter
2025-07-12 05:30:28,0,node_disk_flush_requests_total,nbd8,172.18.0.2:9100,prometheus.scrape.annotated_pods
2025-07-12 05:31:28,0,node_disk_flush_requests_total,nbd8,172.18.0.2:9100,prometheus.scrape.annotated_pods
2025-07-12 05:32:28,0,node_disk_flush_requests_total,nbd8,172.18.0.2:9100,prometheus.scrape.annotated_pods
2025-07-12 05:33:28,0,node_disk_flush_requests_total,nbd8,172.18.0.2:9100,prometheus.scrape.annotated_pods
2025-07-12 05:34:28,0,node_disk_flush_requests_total,nbd8,172.18.0.2:9100,prometheus.scrape.annotated_pods
2025-07-12 05:35:28,0,node_disk_flush_requests_total,nbd8,172.18.0.2:9100,prometheus.scrape.annotated_pods
2025-07-12 05:36:28,0,node_disk_flush_requests_total,nbd8,172.18.0.2:9100,prometheus.scrape.annotated_pods
2025-07-12 05:37:28,0,node_disk_flush_requests_total,nbd8,172.18.0.2:9100,prometheus.scrape.annotated_pods
2025-07-12 05:38:28,0,node_disk_flush_requests_total,nbd8,172.18.0.2:9100,prometheus.scrape.annotated_pods
2025-07-12 05:39:28,0,node_disk_flush_requests_total,nbd8,172.18.0.2:9100,prometheus.scrape.annotated_pods
2025-07-12 05:40:28,0,node_disk_flush_requests_total,nbd8,172.18.0.2:9100,prometheus.scrape.annotated_pods
2025-07-12 05:41:28,0,node_disk_flush_requests_total,nbd8,172.18.0.2:9100,prometheus.scrape.annotated_pods
2025-07-12 05:42:28,0,node_disk_flush_requests_total,nbd8,172.18.0.2:9100,prometheus.scrape.annotated_pods
2025-07-12 05:43:28,0,node_disk_flush_requests_total,nbd8,172.18.0.2:9100,prometheus.scrape.annotated_pods
2025-07-12 05:44:28,0,node_disk_flush_requests_total,nbd8,172.18.0.2:9100,prometheus.scrape.annotated_pods
2025-07-12 05:45:28,0,node_disk_flush_requests_total,nbd8,172.18.0.2:9100,prometheus.scrape.annotated_pods
2025-07-12 05:46:28,0,node_disk_flush_requests_total,nbd8,172.18.0.2:9100,prometheus.scrape.annotated_pods
2025-07-12 05:47:28,0,node_disk_flush_requests_total,nbd8,172.18.0.2:9100,prometheus.scrape.annotated_pods
2025-07-12 05:48:28,0,node_disk_flush_requests_total,nbd8,172.18.0.2:9100,prometheus.scrape.annotated_pods
2025-07-12 05:49:28,0,node_disk_flush_requests_total,nbd8,172.18.0.2:9100,prometheus.scrape.annotated_pods
2025-07-12 05:50:28,0,node_disk_flush_requests_total,nbd8,172.18.0.2:9100,prometheus.scrape.annotated_pods
2025-07-12 05:51:28,0,node_disk_flush_requests_total,nbd8,172.18.0.2:9100,prometheus.scrape.annotated_pods
2025-07-12 05:52:28,0,node_disk_flush_requests_total,nbd8,172.18.0.2:9100,prometheus.scrape.annotated_pods
2025-07-12 05:53:28,0,node_disk_flush_requests_total,nbd8,172.18.0.2:9100,prometheus.scrape.annotated_pods
2025-07-12 05:54:28,0,node_disk_flush_requests_total,nbd8,172.18.0.2:9100,prometheus.scrape.annotated_pods
2025-07-12 05:55:28,0,node_disk_flush_requests_total,nbd8,172.18.0.2:9100,prometheus.scrape.annotated_pods
2025-07-12 05:56:28,0,node_disk_flush_requests_total,nbd8,172.18.0.2:9100,prometheus.scrape.annotated_pods
2025-07-12 05:57:28,0,node_disk_flush_requests_total,nbd8,172.18.0.2:9100,prometheus.scrape.annotated_pods
2025-07-12 05:58:28,0,node_disk_flush_requests_total,nbd8,172.18.0.2:9100,prometheus.scrape.annotated_pods
2025-07-12 05:59:28,0,node_disk_flush_requests_total,nbd8,172.18.0.2:9100,prometheus.scrape.annotated_pods
2025-07-12 06:00:28,0,node_disk_flush_requests_total,nbd8,172.18.0.2:9100,prometheus.scrape.annotated_pods
2025-07-12 06:01:28,0,node_disk_flush_requests_total,nbd8,172.18.0.2:9100,prometheus.scrape.annotated_pods
2025-07-12 06:02:28,0,node_disk_flush_requests_total,nbd8,172.18.0.2:9100,prometheus.scrape.annotated_pods
2025-07-12 06:03:28,0,node_disk_flush_requests_total,nbd8,172.18.0.2:9100,prometheus.scrape.annotated_pods
2025-07-12 06:04:28,0,node_disk_flush_requests_total,nbd8,172.18.0.2:9100,prometheus.scrape.annotated_pods
2025-07-12 06:05:28,0,node_disk_flush_requests_total,nbd8,172.18.0.2:9100,prometheus.scrape.annotated_pods
2025-07-12 06:06:28,0,node_disk_flush_requests_total,nbd8,172.18.0.2:9100,prometheus.scrape.annotated_pods
2025-07-12 06:07:28,0,node_disk_flush_requests_total,nbd8,172.18.0.2:9100,prometheus.scrape.annotated_pods
2025-07-12 06:08:28,0,node_disk_flush_requests_total,nbd8,172.18.0.2:9100,prometheus.scrape.annotated_pods
2025-07-12 06:09:28,0,node_disk_flush_requests_total,nbd8,172.18.0.2:9100,prometheus.scrape.annotated_pods
2025-07-12 06:10:28,0,node_disk_flush_requests_total,nbd8,172.18.0.2:9100,prometheus.scrape.annotated_pods
2025-07-12 06:11:28,0,node_disk_flush_requests_total,nbd8,172.18.0.2:9100,prometheus.scrape.annotated_pods
2025-07-12 06:12:28,0,node_disk_flush_requests_total,nbd8,172.18.0.2:9100,prometheus.scrape.annotated_pods
2025-07-12 06:13:28,0,node_disk_flush_requests_total,nbd8,172.18.0.2:9100,prometheus.scrape.annotated_pods
2025-07-12 05:29:28,0,node_disk_flush_requests_total,nbd8,172.18.0.3:9100,prometheus.scrape.annotated_pods
2025-07-12 05:30:28,0,node_disk_flush_requests_total,nbd8,172.18.0.3:9100,prometheus.scrape.annotated_pods
2025-07-12 05:31:28,0,node_disk_flush_requests_total,nbd8,172.18.0.3:9100,prometheus.scrape.annotated_pods
2025-07-12 05:32:28,0,node_disk_flush_requests_total,nbd8,172.18.0.3:9100,prometheus.scrape.annotated_pods
2025-07-12 05:33:28,0,node_disk_flush_requests_total,nbd8,172.18.0.3:9100,prometheus.scrape.annotated_pods
2025-07-12 05:34:28,0,node_disk_flush_requests_total,nbd8,172.18.0.3:9100,prometheus.scrape.annotated_pods
2025-07-12 05:35:28,0,node_disk_flush_requests_total,nbd8,172.18.0.3:9100,prometheus.scrape.annotated_pods
2025-07-12 05:36:28,0,node_disk_flush_requests_total,nbd8,172.18.0.3:9100,prometheus.scrape.annotated_pods
2025-07-12 05:37:28,0,node_disk_flush_requests_total,nbd8,172.18.0.3:9100,prometheus.scrape.annotated_pods
2025-07-12 05:38:28,0,node_disk_flush_requests_total,nbd8,172.18.0.3:9100,prometheus.scrape.annotated_pods
2025-07-12 05:39:28,0,node_disk_flush_requests_total,nbd8,172.18.0.3:9100,prometheus.scrape.annotated_pods
2025-07-12 05:40:28,0,node_disk_flush_requests_total,nbd8,172.18.0.3:9100,prometheus.scrape.annotated_pods
2025-07-12 05:41:28,0,node_disk_flush_requests_total,nbd8,172.18.0.3:9100,prometheus.scrape.annotated_pods
2025-07-12 05:42:28,0,node_disk_flush_requests_total,nbd8,172.18.0.3:9100,prometheus.scrape.annotated_pods
2025-07-12 05:43:28,0,node_disk_flush_requests_total,nbd8,172.18.0.3:9100,prometheus.scrape.annotated_pods
2025-07-12 05:44:28,0,node_disk_flush_requests_total,nbd8,172.18.0.3:9100,prometheus.scrape.annotated_pods
2025-07-12 05:45:28,0,node_disk_flush_requests_total,nbd8,172.18.0.3:9100,prometheus.scrape.annotated_pods
2025-07-12 05:46:28,0,node_disk_flush_requests_total,nbd8,172.18.0.3:9100,prometheus.scrape.annotated_pods
2025-07-12 05:47:28,0,node_disk_flush_requests_total,nbd8,172.18.0.3:9100,prometheus.scrape.annotated_pods
2025-07-12 05:48:28,0,node_disk_flush_requests_total,nbd8,172.18.0.3:9100,prometheus.scrape.annotated_pods
2025-07-12 05:49:28,0,node_disk_flush_requests_total,nbd8,172.18.0.3:9100,prometheus.scrape.annotated_pods
2025-07-12 05:50:28,0,node_disk_flush_requests_total,nbd8,172.18.0.3:9100,prometheus.scrape.annotated_pods
2025-07-12 05:51:28,0,node_disk_flush_requests_total,nbd8,172.18.0.3:9100,prometheus.scrape.annotated_pods
2025-07-12 05:52:28,0,node_disk_flush_requests_total,nbd8,172.18.0.3:9100,prometheus.scrape.annotated_pods
2025-07-12 05:53:28,0,node_disk_flush_requests_total,nbd8,172.18.0.3:9100,prometheus.scrape.annotated_pods
2025-07-12 05:54:28,0,node_disk_flush_requests_total,nbd8,172.18.0.3:9100,prometheus.scrape.annotated_pods
2025-07-12 05:55:28,0,node_disk_flush_requests_total,nbd8,172.18.0.3:9100,prometheus.scrape.annotated_pods
2025-07-12 05:56:28,0,node_disk_flush_requests_total,nbd8,172.18.0.3:9100,prometheus.scrape.annotated_pods
2025-07-12 05:57:28,0,node_disk_flush_requests_total,nbd8,172.18.0.3:9100,prometheus.scrape.annotated_pods
2025-07-12 05:58:28,0,node_disk_flush_requests_total,nbd8,172.18.0.3:9100,prometheus.scrape.annotated_pods
2025-07-12 05:59:28,0,node_disk_flush_requests_total,nbd8,172.18.0.3:9100,prometheus.scrape.annotated_pods
2025-07-12 06:00:28,0,node_disk_flush_requests_total,nbd8,172.18.0.3:9100,prometheus.scrape.annotated_pods
2025-07-12 06:01:28,0,node_disk_flush_requests_total,nbd8,172.18.0.3:9100,prometheus.scrape.annotated_pods
2025-07-12 06:02:28,0,node_disk_flush_requests_total,nbd8,172.18.0.3:9100,prometheus.scrape.annotated_pods
2025-07-12 06:03:28,0,node_disk_flush_requests_total,nbd8,172.18.0.3:9100,prometheus.scrape.annotated_pods
2025-07-12 06:04:28,0,node_disk_flush_requests_total,nbd8,172.18.0.3:9100,prometheus.scrape.annotated_pods
2025-07-12 06:05:28,0,node_disk_flush_requests_total,nbd8,172.18.0.3:9100,prometheus.scrape.annotated_pods
2025-07-12 06:06:28,0,node_disk_flush_requests_total,nbd8,172.18.0.3:9100,prometheus.scrape.annotated_pods
2025-07-12 06:07:28,0,node_disk_flush_requests_total,nbd8,172.18.0.3:9100,prometheus.scrape.annotated_pods
2025-07-12 06:08:28,0,node_disk_flush_requests_total,nbd8,172.18.0.3:9100,prometheus.scrape.annotated_pods
2025-07-12 06:09:28,0,node_disk_flush_requests_total,nbd8,172.18.0.3:9100,prometheus.scrape.annotated_pods
2025-07-12 06:10:28,0,node_disk_flush_requests_total,nbd8,172.18.0.3:9100,prometheus.scrape.annotated_pods
2025-07-12 06:11:28,0,node_disk_flush_requests_total,nbd8,172.18.0.3:9100,prometheus.scrape.annotated_pods
2025-07-12 06:12:28,0,node_disk_flush_requests_total,nbd8,172.18.0.3:9100,prometheus.scrape.annotated_pods
2025-07-12 06:13:28,0,node_disk_flush_requests_total,nbd8,172.18.0.3:9100,prometheus.scrape.annotated_pods
2025-07-12 05:29:28,0,node_disk_flush_requests_total,nbd8,172.18.0.4:9100,prometheus.scrape.annotated_pods
2025-07-12 05:30:28,0,node_disk_flush_requests_total,nbd8,172.18.0.4:9100,prometheus.scrape.annotated_pods
2025-07-12 05:31:28,0,node_disk_flush_requests_total,nbd8,172.18.0.4:9100,prometheus.scrape.annotated_pods
2025-07-12 05:32:28,0,node_disk_flush_requests_total,nbd8,172.18.0.4:9100,prometheus.scrape.annotated_pods
2025-07-12 05:33:28,0,node_disk_flush_requests_total,nbd8,172.18.0.4:9100,prometheus.scrape.annotated_pods
2025-07-12 05:34:28,0,node_disk_flush_requests_total,nbd8,172.18.0.4:9100,prometheus.scrape.annotated_pods
2025-07-12 05:35:28,0,node_disk_flush_requests_total,nbd8,172.18.0.4:9100,prometheus.scrape.annotated_pods
2025-07-12 05:36:28,0,node_disk_flush_requests_total,nbd8,172.18.0.4:9100,prometheus.scrape.annotated_pods
2025-07-12 05:37:28,0,node_disk_flush_requests_total,nbd8,172.18.0.4:9100,prometheus.scrape.annotated_pods
2025-07-12 05:38:28,0,node_disk_flush_requests_total,nbd8,172.18.0.4:9100,prometheus.scrape.annotated_pods
2025-07-12 05:39:28,0,node_disk_flush_requests_total,nbd8,172.18.0.4:9100,prometheus.scrape.annotated_pods
2025-07-12 05:40:28,0,node_disk_flush_requests_total,nbd8,172.18.0.4:9100,prometheus.scrape.annotated_pods
2025-07-12 05:41:28,0,node_disk_flush_requests_total,nbd8,172.18.0.4:9100,prometheus.scrape.annotated_pods
2025-07-12 05:42:28,0,node_disk_flush_requests_total,nbd8,172.18.0.4:9100,prometheus.scrape.annotated_pods
2025-07-12 05:43:28,0,node_disk_flush_requests_total,nbd8,172.18.0.4:9100,prometheus.scrape.annotated_pods
2025-07-12 05:44:28,0,node_disk_flush_requests_total,nbd8,172.18.0.4:9100,prometheus.scrape.annotated_pods
2025-07-12 05:45:28,0,node_disk_flush_requests_total,nbd8,172.18.0.4:9100,prometheus.scrape.annotated_pods
2025-07-12 05:46:28,0,node_disk_flush_requests_total,nbd8,172.18.0.4:9100,prometheus.scrape.annotated_pods
2025-07-12 05:47:28,0,node_disk_flush_requests_total,nbd8,172.18.0.4:9100,prometheus.scrape.annotated_pods
2025-07-12 05:48:28,0,node_disk_flush_requests_total,nbd8,172.18.0.4:9100,prometheus.scrape.annotated_pods
2025-07-12 05:49:28,0,node_disk_flush_requests_total,nbd8,172.18.0.4:9100,prometheus.scrape.annotated_pods
2025-07-12 05:50:28,0,node_disk_flush_requests_total,nbd8,172.18.0.4:9100,prometheus.scrape.annotated_pods
2025-07-12 05:51:28,0,node_disk_flush_requests_total,nbd8,172.18.0.4:9100,prometheus.scrape.annotated_pods
2025-07-12 05:52:28,0,node_disk_flush_requests_total,nbd8,172.18.0.4:9100,prometheus.scrape.annotated_pods
2025-07-12 05:53:28,0,node_disk_flush_requests_total,nbd8,172.18.0.4:9100,prometheus.scrape.annotated_pods
2025-07-12 05:54:28,0,node_disk_flush_requests_total,nbd8,172.18.0.4:9100,prometheus.scrape.annotated_pods
2025-07-12 05:55:28,0,node_disk_flush_requests_total,nbd8,172.18.0.4:9100,prometheus.scrape.annotated_pods
2025-07-12 05:56:28,0,node_disk_flush_requests_total,nbd8,172.18.0.4:9100,prometheus.scrape.annotated_pods
2025-07-12 05:57:28,0,node_disk_flush_requests_total,nbd8,172.18.0.4:9100,prometheus.scrape.annotated_pods
2025-07-12 05:58:28,0,node_disk_flush_requests_total,nbd8,172.18.0.4:9100,prometheus.scrape.annotated_pods
2025-07-12 05:59:28,0,node_disk_flush_requests_total,nbd8,172.18.0.4:9100,prometheus.scrape.annotated_pods
2025-07-12 06:00:28,0,node_disk_flush_requests_total,nbd8,172.18.0.4:9100,prometheus.scrape.annotated_pods
2025-07-12 06:01:28,0,node_disk_flush_requests_total,nbd8,172.18.0.4:9100,prometheus.scrape.annotated_pods
2025-07-12 06:02:28,0,node_disk_flush_requests_total,nbd8,172.18.0.4:9100,prometheus.scrape.annotated_pods
2025-07-12 06:03:28,0,node_disk_flush_requests_total,nbd8,172.18.0.4:9100,prometheus.scrape.annotated_pods
2025-07-12 06:04:28,0,node_disk_flush_requests_total,nbd8,172.18.0.4:9100,prometheus.scrape.annotated_pods
2025-07-12 06:05:28,0,node_disk_flush_requests_total,nbd8,172.18.0.4:9100,prometheus.scrape.annotated_pods
2025-07-12 06:06:28,0,node_disk_flush_requests_total,nbd8,172.18.0.4:9100,prometheus.scrape.annotated_pods
2025-07-12 06:07:28,0,node_disk_flush_requests_total,nbd8,172.18.0.4:9100,prometheus.scrape.annotated_pods
2025-07-12 06:08:28,0,node_disk_flush_requests_total,nbd8,172.18.0.4:9100,prometheus.scrape.annotated_pods
2025-07-12 06:09:28,0,node_disk_flush_requests_total,nbd8,172.18.0.4:9100,prometheus.scrape.annotated_pods
2025-07-12 06:10:28,0,node_disk_flush_requests_total,nbd8,172.18.0.4:9100,prometheus.scrape.annotated_pods
2025-07-12 06:11:28,0,node_disk_flush_requests_total,nbd8,172.18.0.4:9100,prometheus.scrape.annotated_pods
2025-07-12 06:12:28,0,node_disk_flush_requests_total,nbd8,172.18.0.4:9100,prometheus.scrape.annotated_pods
2025-07-12 06:13:28,0,node_disk_flush_requests_total,nbd8,172.18.0.4:9100,prometheus.scrape.annotated_pods
2025-07-12 05:30:28,0,node_disk_flush_requests_total,nbd8,node-exporter.nimbusguard.svc:9100,prometheus.scrape.node_exporter
2025-07-12 05:31:28,0,node_disk_flush_requests_total,nbd8,node-exporter.nimbusguard.svc:9100,prometheus.scrape.node_exporter
2025-07-12 05:32:28,0,node_disk_flush_requests_total,nbd8,node-exporter.nimbusguard.svc:9100,prometheus.scrape.node_exporter
2025-07-12 05:33:28,0,node_disk_flush_requests_total,nbd8,node-exporter.nimbusguard.svc:9100,prometheus.scrape.node_exporter
2025-07-12 05:34:28,0,node_disk_flush_requests_total,nbd8,node-exporter.nimbusguard.svc:9100,prometheus.scrape.node_exporter
2025-07-12 05:35:28,0,node_disk_flush_requests_total,nbd8,node-exporter.nimbusguard.svc:9100,prometheus.scrape.node_exporter
2025-07-12 05:36:28,0,node_disk_flush_requests_total,nbd8,node-exporter.nimbusguard.svc:9100,prometheus.scrape.node_exporter
2025-07-12 05:37:28,0,node_disk_flush_requests_total,nbd8,node-exporter.nimbusguard.svc:9100,prometheus.scrape.node_exporter
2025-07-12 05:38:28,0,node_disk_flush_requests_total,nbd8,node-exporter.nimbusguard.svc:9100,prometheus.scrape.node_exporter
2025-07-12 05:39:28,0,node_disk_flush_requests_total,nbd8,node-exporter.nimbusguard.svc:9100,prometheus.scrape.node_exporter
2025-07-12 05:40:28,0,node_disk_flush_requests_total,nbd8,node-exporter.nimbusguard.svc:9100,prometheus.scrape.node_exporter
2025-07-12 05:41:28,0,node_disk_flush_requests_total,nbd8,node-exporter.nimbusguard.svc:9100,prometheus.scrape.node_exporter
2025-07-12 05:42:28,0,node_disk_flush_requests_total,nbd8,node-exporter.nimbusguard.svc:9100,prometheus.scrape.node_exporter
2025-07-12 05:43:28,0,node_disk_flush_requests_total,nbd8,node-exporter.nimbusguard.svc:9100,prometheus.scrape.node_exporter
2025-07-12 05:44:28,0,node_disk_flush_requests_total,nbd8,node-exporter.nimbusguard.svc:9100,prometheus.scrape.node_exporter
2025-07-12 05:45:28,0,node_disk_flush_requests_total,nbd8,node-exporter.nimbusguard.svc:9100,prometheus.scrape.node_exporter
2025-07-12 05:46:28,0,node_disk_flush_requests_total,nbd8,node-exporter.nimbusguard.svc:9100,prometheus.scrape.node_exporter
2025-07-12 05:47:28,0,node_disk_flush_requests_total,nbd8,node-exporter.nimbusguard.svc:9100,prometheus.scrape.node_exporter
2025-07-12 05:48:28,0,node_disk_flush_requests_total,nbd8,node-exporter.nimbusguard.svc:9100,prometheus.scrape.node_exporter
2025-07-12 05:49:28,0,node_disk_flush_requests_total,nbd8,node-exporter.nimbusguard.svc:9100,prometheus.scrape.node_exporter
2025-07-12 05:50:28,0,node_disk_flush_requests_total,nbd8,node-exporter.nimbusguard.svc:9100,prometheus.scrape.node_exporter
2025-07-12 05:51:28,0,node_disk_flush_requests_total,nbd8,node-exporter.nimbusguard.svc:9100,prometheus.scrape.node_exporter
2025-07-12 05:52:28,0,node_disk_flush_requests_total,nbd8,node-exporter.nimbusguard.svc:9100,prometheus.scrape.node_exporter
2025-07-12 05:53:28,0,node_disk_flush_requests_total,nbd8,node-exporter.nimbusguard.svc:9100,prometheus.scrape.node_exporter
2025-07-12 05:54:28,0,node_disk_flush_requests_total,nbd8,node-exporter.nimbusguard.svc:9100,prometheus.scrape.node_exporter
2025-07-12 05:55:28,0,node_disk_flush_requests_total,nbd8,node-exporter.nimbusguard.svc:9100,prometheus.scrape.node_exporter
2025-07-12 05:56:28,0,node_disk_flush_requests_total,nbd8,node-exporter.nimbusguard.svc:9100,prometheus.scrape.node_exporter
2025-07-12 05:57:28,0,node_disk_flush_requests_total,nbd8,node-exporter.nimbusguard.svc:9100,prometheus.scrape.node_exporter
2025-07-12 05:58:28,0,node_disk_flush_requests_total,nbd8,node-exporter.nimbusguard.svc:9100,prometheus.scrape.node_exporter
2025-07-12 05:59:28,0,node_disk_flush_requests_total,nbd8,node-exporter.nimbusguard.svc:9100,prometheus.scrape.node_exporter
2025-07-12 06:00:28,0,node_disk_flush_requests_total,nbd8,node-exporter.nimbusguard.svc:9100,prometheus.scrape.node_exporter
2025-07-12 06:01:28,0,node_disk_flush_requests_total,nbd8,node-exporter.nimbusguard.svc:9100,prometheus.scrape.node_exporter
2025-07-12 06:02:28,0,node_disk_flush_requests_total,nbd8,node-exporter.nimbusguard.svc:9100,prometheus.scrape.node_exporter
2025-07-12 06:03:28,0,node_disk_flush_requests_total,nbd8,node-exporter.nimbusguard.svc:9100,prometheus.scrape.node_exporter
2025-07-12 06:04:28,0,node_disk_flush_requests_total,nbd8,node-exporter.nimbusguard.svc:9100,prometheus.scrape.node_exporter
2025-07-12 06:05:28,0,node_disk_flush_requests_total,nbd8,node-exporter.nimbusguard.svc:9100,prometheus.scrape.node_exporter
2025-07-12 06:06:28,0,node_disk_flush_requests_total,nbd8,node-exporter.nimbusguard.svc:9100,prometheus.scrape.node_exporter
2025-07-12 06:07:28,0,node_disk_flush_requests_total,nbd8,node-exporter.nimbusguard.svc:9100,prometheus.scrape.node_exporter
2025-07-12 06:08:28,0,node_disk_flush_requests_total,nbd8,node-exporter.nimbusguard.svc:9100,prometheus.scrape.node_exporter
2025-07-12 06:09:28,0,node_disk_flush_requests_total,nbd8,node-exporter.nimbusguard.svc:9100,prometheus.scrape.node_exporter
2025-07-12 06:10:28,0,node_disk_flush_requests_total,nbd8,node-exporter.nimbusguard.svc:9100,prometheus.scrape.node_exporter
2025-07-12 06:11:28,0,node_disk_flush_requests_total,nbd8,node-exporter.nimbusguard.svc:9100,prometheus.scrape.node_exporter
2025-07-12 06:12:28,0,node_disk_flush_requests_total,nbd8,node-exporter.nimbusguard.svc:9100,prometheus.scrape.node_exporter
2025-07-12 06:13:28,0,node_disk_flush_requests_total,nbd8,node-exporter.nimbusguard.svc:9100,prometheus.scrape.node_exporter
2025-07-12 05:30:28,0,node_disk_flush_requests_total,nbd9,172.18.0.2:9100,prometheus.scrape.annotated_pods
2025-07-12 05:31:28,0,node_disk_flush_requests_total,nbd9,172.18.0.2:9100,prometheus.scrape.annotated_pods
2025-07-12 05:32:28,0,node_disk_flush_requests_total,nbd9,172.18.0.2:9100,prometheus.scrape.annotated_pods
2025-07-12 05:33:28,0,node_disk_flush_requests_total,nbd9,172.18.0.2:9100,prometheus.scrape.annotated_pods
2025-07-12 05:34:28,0,node_disk_flush_requests_total,nbd9,172.18.0.2:9100,prometheus.scrape.annotated_pods
2025-07-12 05:35:28,0,node_disk_flush_requests_total,nbd9,172.18.0.2:9100,prometheus.scrape.annotated_pods
2025-07-12 05:36:28,0,node_disk_flush_requests_total,nbd9,172.18.0.2:9100,prometheus.scrape.annotated_pods
2025-07-12 05:37:28,0,node_disk_flush_requests_total,nbd9,172.18.0.2:9100,prometheus.scrape.annotated_pods
2025-07-12 05:38:28,0,node_disk_flush_requests_total,nbd9,172.18.0.2:9100,prometheus.scrape.annotated_pods
2025-07-12 05:39:28,0,node_disk_flush_requests_total,nbd9,172.18.0.2:9100,prometheus.scrape.annotated_pods
2025-07-12 05:40:28,0,node_disk_flush_requests_total,nbd9,172.18.0.2:9100,prometheus.scrape.annotated_pods
2025-07-12 05:41:28,0,node_disk_flush_requests_total,nbd9,172.18.0.2:9100,prometheus.scrape.annotated_pods
2025-07-12 05:42:28,0,node_disk_flush_requests_total,nbd9,172.18.0.2:9100,prometheus.scrape.annotated_pods
2025-07-12 05:43:28,0,node_disk_flush_requests_total,nbd9,172.18.0.2:9100,prometheus.scrape.annotated_pods
2025-07-12 05:44:28,0,node_disk_flush_requests_total,nbd9,172.18.0.2:9100,prometheus.scrape.annotated_pods
2025-07-12 05:45:28,0,node_disk_flush_requests_total,nbd9,172.18.0.2:9100,prometheus.scrape.annotated_pods
2025-07-12 05:46:28,0,node_disk_flush_requests_total,nbd9,172.18.0.2:9100,prometheus.scrape.annotated_pods
2025-07-12 05:47:28,0,node_disk_flush_requests_total,nbd9,172.18.0.2:9100,prometheus.scrape.annotated_pods
2025-07-12 05:48:28,0,node_disk_flush_requests_total,nbd9,172.18.0.2:9100,prometheus.scrape.annotated_pods
2025-07-12 05:49:28,0,node_disk_flush_requests_total,nbd9,172.18.0.2:9100,prometheus.scrape.annotated_pods
2025-07-12 05:50:28,0,node_disk_flush_requests_total,nbd9,172.18.0.2:9100,prometheus.scrape.annotated_pods
2025-07-12 05:51:28,0,node_disk_flush_requests_total,nbd9,172.18.0.2:9100,prometheus.scrape.annotated_pods
2025-07-12 05:52:28,0,node_disk_flush_requests_total,nbd9,172.18.0.2:9100,prometheus.scrape.annotated_pods
2025-07-12 05:53:28,0,node_disk_flush_requests_total,nbd9,172.18.0.2:9100,prometheus.scrape.annotated_pods
2025-07-12 05:54:28,0,node_disk_flush_requests_total,nbd9,172.18.0.2:9100,prometheus.scrape.annotated_pods
2025-07-12 05:55:28,0,node_disk_flush_requests_total,nbd9,172.18.0.2:9100,prometheus.scrape.annotated_pods
2025-07-12 05:56:28,0,node_disk_flush_requests_total,nbd9,172.18.0.2:9100,prometheus.scrape.annotated_pods
2025-07-12 05:57:28,0,node_disk_flush_requests_total,nbd9,172.18.0.2:9100,prometheus.scrape.annotated_pods
2025-07-12 05:58:28,0,node_disk_flush_requests_total,nbd9,172.18.0.2:9100,prometheus.scrape.annotated_pods
2025-07-12 05:59:28,0,node_disk_flush_requests_total,nbd9,172.18.0.2:9100,prometheus.scrape.annotated_pods
2025-07-12 06:00:28,0,node_disk_flush_requests_total,nbd9,172.18.0.2:9100,prometheus.scrape.annotated_pods
2025-07-12 06:01:28,0,node_disk_flush_requests_total,nbd9,172.18.0.2:9100,prometheus.scrape.annotated_pods
2025-07-12 06:02:28,0,node_disk_flush_requests_total,nbd9,172.18.0.2:9100,prometheus.scrape.annotated_pods
2025-07-12 06:03:28,0,node_disk_flush_requests_total,nbd9,172.18.0.2:9100,prometheus.scrape.annotated_pods
2025-07-12 06:04:28,0,node_disk_flush_requests_total,nbd9,172.18.0.2:9100,prometheus.scrape.annotated_pods
2025-07-12 06:05:28,0,node_disk_flush_requests_total,nbd9,172.18.0.2:9100,prometheus.scrape.annotated_pods
2025-07-12 06:06:28,0,node_disk_flush_requests_total,nbd9,172.18.0.2:9100,prometheus.scrape.annotated_pods
2025-07-12 06:07:28,0,node_disk_flush_requests_total,nbd9,172.18.0.2:9100,prometheus.scrape.annotated_pods
2025-07-12 06:08:28,0,node_disk_flush_requests_total,nbd9,172.18.0.2:9100,prometheus.scrape.annotated_pods
2025-07-12 06:09:28,0,node_disk_flush_requests_total,nbd9,172.18.0.2:9100,prometheus.scrape.annotated_pods
2025-07-12 06:10:28,0,node_disk_flush_requests_total,nbd9,172.18.0.2:9100,prometheus.scrape.annotated_pods
2025-07-12 06:11:28,0,node_disk_flush_requests_total,nbd9,172.18.0.2:9100,prometheus.scrape.annotated_pods
2025-07-12 06:12:28,0,node_disk_flush_requests_total,nbd9,172.18.0.2:9100,prometheus.scrape.annotated_pods
2025-07-12 06:13:28,0,node_disk_flush_requests_total,nbd9,172.18.0.2:9100,prometheus.scrape.annotated_pods
2025-07-12 05:29:28,0,node_disk_flush_requests_total,nbd9,172.18.0.3:9100,prometheus.scrape.annotated_pods
2025-07-12 05:30:28,0,node_disk_flush_requests_total,nbd9,172.18.0.3:9100,prometheus.scrape.annotated_pods
2025-07-12 05:31:28,0,node_disk_flush_requests_total,nbd9,172.18.0.3:9100,prometheus.scrape.annotated_pods
2025-07-12 05:32:28,0,node_disk_flush_requests_total,nbd9,172.18.0.3:9100,prometheus.scrape.annotated_pods
2025-07-12 05:33:28,0,node_disk_flush_requests_total,nbd9,172.18.0.3:9100,prometheus.scrape.annotated_pods
2025-07-12 05:34:28,0,node_disk_flush_requests_total,nbd9,172.18.0.3:9100,prometheus.scrape.annotated_pods
2025-07-12 05:35:28,0,node_disk_flush_requests_total,nbd9,172.18.0.3:9100,prometheus.scrape.annotated_pods
2025-07-12 05:36:28,0,node_disk_flush_requests_total,nbd9,172.18.0.3:9100,prometheus.scrape.annotated_pods
2025-07-12 05:37:28,0,node_disk_flush_requests_total,nbd9,172.18.0.3:9100,prometheus.scrape.annotated_pods
2025-07-12 05:38:28,0,node_disk_flush_requests_total,nbd9,172.18.0.3:9100,prometheus.scrape.annotated_pods
2025-07-12 05:39:28,0,node_disk_flush_requests_total,nbd9,172.18.0.3:9100,prometheus.scrape.annotated_pods
2025-07-12 05:40:28,0,node_disk_flush_requests_total,nbd9,172.18.0.3:9100,prometheus.scrape.annotated_pods
2025-07-12 05:41:28,0,node_disk_flush_requests_total,nbd9,172.18.0.3:9100,prometheus.scrape.annotated_pods
2025-07-12 05:42:28,0,node_disk_flush_requests_total,nbd9,172.18.0.3:9100,prometheus.scrape.annotated_pods
2025-07-12 05:43:28,0,node_disk_flush_requests_total,nbd9,172.18.0.3:9100,prometheus.scrape.annotated_pods
2025-07-12 05:44:28,0,node_disk_flush_requests_total,nbd9,172.18.0.3:9100,prometheus.scrape.annotated_pods
2025-07-12 05:45:28,0,node_disk_flush_requests_total,nbd9,172.18.0.3:9100,prometheus.scrape.annotated_pods
2025-07-12 05:46:28,0,node_disk_flush_requests_total,nbd9,172.18.0.3:9100,prometheus.scrape.annotated_pods
2025-07-12 05:47:28,0,node_disk_flush_requests_total,nbd9,172.18.0.3:9100,prometheus.scrape.annotated_pods
2025-07-12 05:48:28,0,node_disk_flush_requests_total,nbd9,172.18.0.3:9100,prometheus.scrape.annotated_pods
2025-07-12 05:49:28,0,node_disk_flush_requests_total,nbd9,172.18.0.3:9100,prometheus.scrape.annotated_pods
2025-07-12 05:50:28,0,node_disk_flush_requests_total,nbd9,172.18.0.3:9100,prometheus.scrape.annotated_pods
2025-07-12 05:51:28,0,node_disk_flush_requests_total,nbd9,172.18.0.3:9100,prometheus.scrape.annotated_pods
2025-07-12 05:52:28,0,node_disk_flush_requests_total,nbd9,172.18.0.3:9100,prometheus.scrape.annotated_pods
2025-07-12 05:53:28,0,node_disk_flush_requests_total,nbd9,172.18.0.3:9100,prometheus.scrape.annotated_pods
2025-07-12 05:54:28,0,node_disk_flush_requests_total,nbd9,172.18.0.3:9100,prometheus.scrape.annotated_pods
2025-07-12 05:55:28,0,node_disk_flush_requests_total,nbd9,172.18.0.3:9100,prometheus.scrape.annotated_pods
2025-07-12 05:56:28,0,node_disk_flush_requests_total,nbd9,172.18.0.3:9100,prometheus.scrape.annotated_pods
2025-07-12 05:57:28,0,node_disk_flush_requests_total,nbd9,172.18.0.3:9100,prometheus.scrape.annotated_pods
2025-07-12 05:58:28,0,node_disk_flush_requests_total,nbd9,172.18.0.3:9100,prometheus.scrape.annotated_pods
2025-07-12 05:59:28,0,node_disk_flush_requests_total,nbd9,172.18.0.3:9100,prometheus.scrape.annotated_pods
2025-07-12 06:00:28,0,node_disk_flush_requests_total,nbd9,172.18.0.3:9100,prometheus.scrape.annotated_pods
2025-07-12 06:01:28,0,node_disk_flush_requests_total,nbd9,172.18.0.3:9100,prometheus.scrape.annotated_pods
2025-07-12 06:02:28,0,node_disk_flush_requests_total,nbd9,172.18.0.3:9100,prometheus.scrape.annotated_pods
2025-07-12 06:03:28,0,node_disk_flush_requests_total,nbd9,172.18.0.3:9100,prometheus.scrape.annotated_pods
2025-07-12 06:04:28,0,node_disk_flush_requests_total,nbd9,172.18.0.3:9100,prometheus.scrape.annotated_pods
2025-07-12 06:05:28,0,node_disk_flush_requests_total,nbd9,172.18.0.3:9100,prometheus.scrape.annotated_pods
2025-07-12 06:06:28,0,node_disk_flush_requests_total,nbd9,172.18.0.3:9100,prometheus.scrape.annotated_pods
2025-07-12 06:07:28,0,node_disk_flush_requests_total,nbd9,172.18.0.3:9100,prometheus.scrape.annotated_pods
2025-07-12 06:08:28,0,node_disk_flush_requests_total,nbd9,172.18.0.3:9100,prometheus.scrape.annotated_pods
2025-07-12 06:09:28,0,node_disk_flush_requests_total,nbd9,172.18.0.3:9100,prometheus.scrape.annotated_pods
2025-07-12 06:10:28,0,node_disk_flush_requests_total,nbd9,172.18.0.3:9100,prometheus.scrape.annotated_pods
2025-07-12 06:11:28,0,node_disk_flush_requests_total,nbd9,172.18.0.3:9100,prometheus.scrape.annotated_pods
2025-07-12 06:12:28,0,node_disk_flush_requests_total,nbd9,172.18.0.3:9100,prometheus.scrape.annotated_pods
2025-07-12 06:13:28,0,node_disk_flush_requests_total,nbd9,172.18.0.3:9100,prometheus.scrape.annotated_pods
2025-07-12 05:29:28,0,node_disk_flush_requests_total,nbd9,172.18.0.4:9100,prometheus.scrape.annotated_pods
2025-07-12 05:30:28,0,node_disk_flush_requests_total,nbd9,172.18.0.4:9100,prometheus.scrape.annotated_pods
2025-07-12 05:31:28,0,node_disk_flush_requests_total,nbd9,172.18.0.4:9100,prometheus.scrape.annotated_pods
2025-07-12 05:32:28,0,node_disk_flush_requests_total,nbd9,172.18.0.4:9100,prometheus.scrape.annotated_pods
2025-07-12 05:33:28,0,node_disk_flush_requests_total,nbd9,172.18.0.4:9100,prometheus.scrape.annotated_pods
2025-07-12 05:34:28,0,node_disk_flush_requests_total,nbd9,172.18.0.4:9100,prometheus.scrape.annotated_pods
2025-07-12 05:35:28,0,node_disk_flush_requests_total,nbd9,172.18.0.4:9100,prometheus.scrape.annotated_pods
2025-07-12 05:36:28,0,node_disk_flush_requests_total,nbd9,172.18.0.4:9100,prometheus.scrape.annotated_pods
2025-07-12 05:37:28,0,node_disk_flush_requests_total,nbd9,172.18.0.4:9100,prometheus.scrape.annotated_pods
2025-07-12 05:38:28,0,node_disk_flush_requests_total,nbd9,172.18.0.4:9100,prometheus.scrape.annotated_pods
2025-07-12 05:39:28,0,node_disk_flush_requests_total,nbd9,172.18.0.4:9100,prometheus.scrape.annotated_pods
2025-07-12 05:40:28,0,node_disk_flush_requests_total,nbd9,172.18.0.4:9100,prometheus.scrape.annotated_pods
2025-07-12 05:41:28,0,node_disk_flush_requests_total,nbd9,172.18.0.4:9100,prometheus.scrape.annotated_pods
2025-07-12 05:42:28,0,node_disk_flush_requests_total,nbd9,172.18.0.4:9100,prometheus.scrape.annotated_pods
2025-07-12 05:43:28,0,node_disk_flush_requests_total,nbd9,172.18.0.4:9100,prometheus.scrape.annotated_pods
2025-07-12 05:44:28,0,node_disk_flush_requests_total,nbd9,172.18.0.4:9100,prometheus.scrape.annotated_pods
2025-07-12 05:45:28,0,node_disk_flush_requests_total,nbd9,172.18.0.4:9100,prometheus.scrape.annotated_pods
2025-07-12 05:46:28,0,node_disk_flush_requests_total,nbd9,172.18.0.4:9100,prometheus.scrape.annotated_pods
2025-07-12 05:47:28,0,node_disk_flush_requests_total,nbd9,172.18.0.4:9100,prometheus.scrape.annotated_pods
2025-07-12 05:48:28,0,node_disk_flush_requests_total,nbd9,172.18.0.4:9100,prometheus.scrape.annotated_pods
2025-07-12 05:49:28,0,node_disk_flush_requests_total,nbd9,172.18.0.4:9100,prometheus.scrape.annotated_pods
2025-07-12 05:50:28,0,node_disk_flush_requests_total,nbd9,172.18.0.4:9100,prometheus.scrape.annotated_pods
2025-07-12 05:51:28,0,node_disk_flush_requests_total,nbd9,172.18.0.4:9100,prometheus.scrape.annotated_pods
2025-07-12 05:52:28,0,node_disk_flush_requests_total,nbd9,172.18.0.4:9100,prometheus.scrape.annotated_pods
2025-07-12 05:53:28,0,node_disk_flush_requests_total,nbd9,172.18.0.4:9100,prometheus.scrape.annotated_pods
2025-07-12 05:54:28,0,node_disk_flush_requests_total,nbd9,172.18.0.4:9100,prometheus.scrape.annotated_pods
2025-07-12 05:55:28,0,node_disk_flush_requests_total,nbd9,172.18.0.4:9100,prometheus.scrape.annotated_pods
2025-07-12 05:56:28,0,node_disk_flush_requests_total,nbd9,172.18.0.4:9100,prometheus.scrape.annotated_pods
2025-07-12 05:57:28,0,node_disk_flush_requests_total,nbd9,172.18.0.4:9100,prometheus.scrape.annotated_pods
2025-07-12 05:58:28,0,node_disk_flush_requests_total,nbd9,172.18.0.4:9100,prometheus.scrape.annotated_pods
2025-07-12 05:59:28,0,node_disk_flush_requests_total,nbd9,172.18.0.4:9100,prometheus.scrape.annotated_pods
2025-07-12 06:00:28,0,node_disk_flush_requests_total,nbd9,172.18.0.4:9100,prometheus.scrape.annotated_pods
2025-07-12 06:01:28,0,node_disk_flush_requests_total,nbd9,172.18.0.4:9100,prometheus.scrape.annotated_pods
2025-07-12 06:02:28,0,node_disk_flush_requests_total,nbd9,172.18.0.4:9100,prometheus.scrape.annotated_pods
2025-07-12 06:03:28,0,node_disk_flush_requests_total,nbd9,172.18.0.4:9100,prometheus.scrape.annotated_pods
2025-07-12 06:04:28,0,node_disk_flush_requests_total,nbd9,172.18.0.4:9100,prometheus.scrape.annotated_pods
2025-07-12 06:05:28,0,node_disk_flush_requests_total,nbd9,172.18.0.4:9100,prometheus.scrape.annotated_pods
2025-07-12 06:06:28,0,node_disk_flush_requests_total,nbd9,172.18.0.4:9100,prometheus.scrape.annotated_pods
2025-07-12 06:07:28,0,node_disk_flush_requests_total,nbd9,172.18.0.4:9100,prometheus.scrape.annotated_pods
2025-07-12 06:08:28,0,node_disk_flush_requests_total,nbd9,172.18.0.4:9100,prometheus.scrape.annotated_pods
2025-07-12 06:09:28,0,node_disk_flush_requests_total,nbd9,172.18.0.4:9100,prometheus.scrape.annotated_pods
2025-07-12 06:10:28,0,node_disk_flush_requests_total,nbd9,172.18.0.4:9100,prometheus.scrape.annotated_pods
2025-07-12 06:11:28,0,node_disk_flush_requests_total,nbd9,172.18.0.4:9100,prometheus.scrape.annotated_pods
2025-07-12 06:12:28,0,node_disk_flush_requests_total,nbd9,172.18.0.4:9100,prometheus.scrape.annotated_pods
2025-07-12 06:13:28,0,node_disk_flush_requests_total,nbd9,172.18.0.4:9100,prometheus.scrape.annotated_pods
2025-07-12 05:30:28,0,node_disk_flush_requests_total,nbd9,node-exporter.nimbusguard.svc:9100,prometheus.scrape.node_exporter
2025-07-12 05:31:28,0,node_disk_flush_requests_total,nbd9,node-exporter.nimbusguard.svc:9100,prometheus.scrape.node_exporter
2025-07-12 05:32:28,0,node_disk_flush_requests_total,nbd9,node-exporter.nimbusguard.svc:9100,prometheus.scrape.node_exporter
2025-07-12 05:33:28,0,node_disk_flush_requests_total,nbd9,node-exporter.nimbusguard.svc:9100,prometheus.scrape.node_exporter
2025-07-12 05:34:28,0,node_disk_flush_requests_total,nbd9,node-exporter.nimbusguard.svc:9100,prometheus.scrape.node_exporter
2025-07-12 05:35:28,0,node_disk_flush_requests_total,nbd9,node-exporter.nimbusguard.svc:9100,prometheus.scrape.node_exporter
2025-07-12 05:36:28,0,node_disk_flush_requests_total,nbd9,node-exporter.nimbusguard.svc:9100,prometheus.scrape.node_exporter
2025-07-12 05:37:28,0,node_disk_flush_requests_total,nbd9,node-exporter.nimbusguard.svc:9100,prometheus.scrape.node_exporter
2025-07-12 05:38:28,0,node_disk_flush_requests_total,nbd9,node-exporter.nimbusguard.svc:9100,prometheus.scrape.node_exporter
2025-07-12 05:39:28,0,node_disk_flush_requests_total,nbd9,node-exporter.nimbusguard.svc:9100,prometheus.scrape.node_exporter
2025-07-12 05:40:28,0,node_disk_flush_requests_total,nbd9,node-exporter.nimbusguard.svc:9100,prometheus.scrape.node_exporter
2025-07-12 05:41:28,0,node_disk_flush_requests_total,nbd9,node-exporter.nimbusguard.svc:9100,prometheus.scrape.node_exporter
2025-07-12 05:42:28,0,node_disk_flush_requests_total,nbd9,node-exporter.nimbusguard.svc:9100,prometheus.scrape.node_exporter
2025-07-12 05:43:28,0,node_disk_flush_requests_total,nbd9,node-exporter.nimbusguard.svc:9100,prometheus.scrape.node_exporter
2025-07-12 05:44:28,0,node_disk_flush_requests_total,nbd9,node-exporter.nimbusguard.svc:9100,prometheus.scrape.node_exporter
2025-07-12 05:45:28,0,node_disk_flush_requests_total,nbd9,node-exporter.nimbusguard.svc:9100,prometheus.scrape.node_exporter
2025-07-12 05:46:28,0,node_disk_flush_requests_total,nbd9,node-exporter.nimbusguard.svc:9100,prometheus.scrape.node_exporter
2025-07-12 05:47:28,0,node_disk_flush_requests_total,nbd9,node-exporter.nimbusguard.svc:9100,prometheus.scrape.node_exporter
2025-07-12 05:48:28,0,node_disk_flush_requests_total,nbd9,node-exporter.nimbusguard.svc:9100,prometheus.scrape.node_exporter
2025-07-12 05:49:28,0,node_disk_flush_requests_total,nbd9,node-exporter.nimbusguard.svc:9100,prometheus.scrape.node_exporter
2025-07-12 05:50:28,0,node_disk_flush_requests_total,nbd9,node-exporter.nimbusguard.svc:9100,prometheus.scrape.node_exporter
2025-07-12 05:51:28,0,node_disk_flush_requests_total,nbd9,node-exporter.nimbusguard.svc:9100,prometheus.scrape.node_exporter
2025-07-12 05:52:28,0,node_disk_flush_requests_total,nbd9,node-exporter.nimbusguard.svc:9100,prometheus.scrape.node_exporter
2025-07-12 05:53:28,0,node_disk_flush_requests_total,nbd9,node-exporter.nimbusguard.svc:9100,prometheus.scrape.node_exporter
2025-07-12 05:54:28,0,node_disk_flush_requests_total,nbd9,node-exporter.nimbusguard.svc:9100,prometheus.scrape.node_exporter
2025-07-12 05:55:28,0,node_disk_flush_requests_total,nbd9,node-exporter.nimbusguard.svc:9100,prometheus.scrape.node_exporter
2025-07-12 05:56:28,0,node_disk_flush_requests_total,nbd9,node-exporter.nimbusguard.svc:9100,prometheus.scrape.node_exporter
2025-07-12 05:57:28,0,node_disk_flush_requests_total,nbd9,node-exporter.nimbusguard.svc:9100,prometheus.scrape.node_exporter
2025-07-12 05:58:28,0,node_disk_flush_requests_total,nbd9,node-exporter.nimbusguard.svc:9100,prometheus.scrape.node_exporter
2025-07-12 05:59:28,0,node_disk_flush_requests_total,nbd9,node-exporter.nimbusguard.svc:9100,prometheus.scrape.node_exporter
2025-07-12 06:00:28,0,node_disk_flush_requests_total,nbd9,node-exporter.nimbusguard.svc:9100,prometheus.scrape.node_exporter
2025-07-12 06:01:28,0,node_disk_flush_requests_total,nbd9,node-exporter.nimbusguard.svc:9100,prometheus.scrape.node_exporter
2025-07-12 06:02:28,0,node_disk_flush_requests_total,nbd9,node-exporter.nimbusguard.svc:9100,prometheus.scrape.node_exporter
2025-07-12 06:03:28,0,node_disk_flush_requests_total,nbd9,node-exporter.nimbusguard.svc:9100,prometheus.scrape.node_exporter
2025-07-12 06:04:28,0,node_disk_flush_requests_total,nbd9,node-exporter.nimbusguard.svc:9100,prometheus.scrape.node_exporter
2025-07-12 06:05:28,0,node_disk_flush_requests_total,nbd9,node-exporter.nimbusguard.svc:9100,prometheus.scrape.node_exporter
2025-07-12 06:06:28,0,node_disk_flush_requests_total,nbd9,node-exporter.nimbusguard.svc:9100,prometheus.scrape.node_exporter
2025-07-12 06:07:28,0,node_disk_flush_requests_total,nbd9,node-exporter.nimbusguard.svc:9100,prometheus.scrape.node_exporter
2025-07-12 06:08:28,0,node_disk_flush_requests_total,nbd9,node-exporter.nimbusguard.svc:9100,prometheus.scrape.node_exporter
2025-07-12 06:09:28,0,node_disk_flush_requests_total,nbd9,node-exporter.nimbusguard.svc:9100,prometheus.scrape.node_exporter
2025-07-12 06:10:28,0,node_disk_flush_requests_total,nbd9,node-exporter.nimbusguard.svc:9100,prometheus.scrape.node_exporter
2025-07-12 06:11:28,0,node_disk_flush_requests_total,nbd9,node-exporter.nimbusguard.svc:9100,prometheus.scrape.node_exporter
2025-07-12 06:12:28,0,node_disk_flush_requests_total,nbd9,node-exporter.nimbusguard.svc:9100,prometheus.scrape.node_exporter
2025-07-12 06:13:28,0,node_disk_flush_requests_total,nbd9,node-exporter.nimbusguard.svc:9100,prometheus.scrape.node_exporter
2025-07-12 05:30:28,929192,node_disk_flush_requests_total,vda,172.18.0.2:9100,prometheus.scrape.annotated_pods
2025-07-12 05:31:28,930353,node_disk_flush_requests_total,vda,172.18.0.2:9100,prometheus.scrape.annotated_pods
2025-07-12 05:32:28,931347,node_disk_flush_requests_total,vda,172.18.0.2:9100,prometheus.scrape.annotated_pods
2025-07-12 05:33:28,932394,node_disk_flush_requests_total,vda,172.18.0.2:9100,prometheus.scrape.annotated_pods
2025-07-12 05:34:28,933319,node_disk_flush_requests_total,vda,172.18.0.2:9100,prometheus.scrape.annotated_pods
2025-07-12 05:35:28,934070,node_disk_flush_requests_total,vda,172.18.0.2:9100,prometheus.scrape.annotated_pods
2025-07-12 05:36:28,934804,node_disk_flush_requests_total,vda,172.18.0.2:9100,prometheus.scrape.annotated_pods
2025-07-12 05:37:28,935010,node_disk_flush_requests_total,vda,172.18.0.2:9100,prometheus.scrape.annotated_pods
2025-07-12 05:38:28,935010,node_disk_flush_requests_total,vda,172.18.0.2:9100,prometheus.scrape.annotated_pods
2025-07-12 05:39:28,935010,node_disk_flush_requests_total,vda,172.18.0.2:9100,prometheus.scrape.annotated_pods
2025-07-12 05:40:28,935010,node_disk_flush_requests_total,vda,172.18.0.2:9100,prometheus.scrape.annotated_pods
2025-07-12 05:41:28,935010,node_disk_flush_requests_total,vda,172.18.0.2:9100,prometheus.scrape.annotated_pods
2025-07-12 05:42:28,935597,node_disk_flush_requests_total,vda,172.18.0.2:9100,prometheus.scrape.annotated_pods
2025-07-12 05:43:28,936291,node_disk_flush_requests_total,vda,172.18.0.2:9100,prometheus.scrape.annotated_pods
2025-07-12 05:44:28,937255,node_disk_flush_requests_total,vda,172.18.0.2:9100,prometheus.scrape.annotated_pods
2025-07-12 05:45:28,937786,node_disk_flush_requests_total,vda,172.18.0.2:9100,prometheus.scrape.annotated_pods
2025-07-12 05:46:28,938646,node_disk_flush_requests_total,vda,172.18.0.2:9100,prometheus.scrape.annotated_pods
2025-07-12 05:47:28,939280,node_disk_flush_requests_total,vda,172.18.0.2:9100,prometheus.scrape.annotated_pods
2025-07-12 05:48:28,939863,node_disk_flush_requests_total,vda,172.18.0.2:9100,prometheus.scrape.annotated_pods
2025-07-12 05:49:28,940724,node_disk_flush_requests_total,vda,172.18.0.2:9100,prometheus.scrape.annotated_pods
2025-07-12 05:50:28,941341,node_disk_flush_requests_total,vda,172.18.0.2:9100,prometheus.scrape.annotated_pods
2025-07-12 05:51:28,942383,node_disk_flush_requests_total,vda,172.18.0.2:9100,prometheus.scrape.annotated_pods
2025-07-12 05:52:28,943118,node_disk_flush_requests_total,vda,172.18.0.2:9100,prometheus.scrape.annotated_pods
2025-07-12 05:53:28,943793,node_disk_flush_requests_total,vda,172.18.0.2:9100,prometheus.scrape.annotated_pods
2025-07-12 05:54:28,944265,node_disk_flush_requests_total,vda,172.18.0.2:9100,prometheus.scrape.annotated_pods
2025-07-12 05:55:28,944951,node_disk_flush_requests_total,vda,172.18.0.2:9100,prometheus.scrape.annotated_pods
2025-07-12 05:56:28,945656,node_disk_flush_requests_total,vda,172.18.0.2:9100,prometheus.scrape.annotated_pods
2025-07-12 05:57:28,946662,node_disk_flush_requests_total,vda,172.18.0.2:9100,prometheus.scrape.annotated_pods
2025-07-12 05:58:28,947532,node_disk_flush_requests_total,vda,172.18.0.2:9100,prometheus.scrape.annotated_pods
2025-07-12 05:59:28,948160,node_disk_flush_requests_total,vda,172.18.0.2:9100,prometheus.scrape.annotated_pods
2025-07-12 06:00:28,948865,node_disk_flush_requests_total,vda,172.18.0.2:9100,prometheus.scrape.annotated_pods
2025-07-12 06:01:28,949665,node_disk_flush_requests_total,vda,172.18.0.2:9100,prometheus.scrape.annotated_pods
2025-07-12 06:02:28,950249,node_disk_flush_requests_total,vda,172.18.0.2:9100,prometheus.scrape.annotated_pods
2025-07-12 06:03:28,950850,node_disk_flush_requests_total,vda,172.18.0.2:9100,prometheus.scrape.annotated_pods
2025-07-12 06:04:28,951568,node_disk_flush_requests_total,vda,172.18.0.2:9100,prometheus.scrape.annotated_pods
2025-07-12 06:05:28,952228,node_disk_flush_requests_total,vda,172.18.0.2:9100,prometheus.scrape.annotated_pods
2025-07-12 06:06:28,952779,node_disk_flush_requests_total,vda,172.18.0.2:9100,prometheus.scrape.annotated_pods
2025-07-12 06:07:28,953342,node_disk_flush_requests_total,vda,172.18.0.2:9100,prometheus.scrape.annotated_pods
2025-07-12 06:08:28,953781,node_disk_flush_requests_total,vda,172.18.0.2:9100,prometheus.scrape.annotated_pods
2025-07-12 06:09:28,954177,node_disk_flush_requests_total,vda,172.18.0.2:9100,prometheus.scrape.annotated_pods
2025-07-12 06:10:28,954589,node_disk_flush_requests_total,vda,172.18.0.2:9100,prometheus.scrape.annotated_pods
2025-07-12 06:11:28,955010,node_disk_flush_requests_total,vda,172.18.0.2:9100,prometheus.scrape.annotated_pods
2025-07-12 06:12:28,955425,node_disk_flush_requests_total,vda,172.18.0.2:9100,prometheus.scrape.annotated_pods
2025-07-12 06:13:28,955857,node_disk_flush_requests_total,vda,172.18.0.2:9100,prometheus.scrape.annotated_pods
2025-07-12 05:29:28,925348,node_disk_flush_requests_total,vda,172.18.0.3:9100,prometheus.scrape.annotated_pods
2025-07-12 05:30:28,929189,node_disk_flush_requests_total,vda,172.18.0.3:9100,prometheus.scrape.annotated_pods
2025-07-12 05:31:28,930353,node_disk_flush_requests_total,vda,172.18.0.3:9100,prometheus.scrape.annotated_pods
2025-07-12 05:32:28,931347,node_disk_flush_requests_total,vda,172.18.0.3:9100,prometheus.scrape.annotated_pods
2025-07-12 05:33:28,932394,node_disk_flush_requests_total,vda,172.18.0.3:9100,prometheus.scrape.annotated_pods
2025-07-12 05:34:28,933319,node_disk_flush_requests_total,vda,172.18.0.3:9100,prometheus.scrape.annotated_pods
2025-07-12 05:35:28,934070,node_disk_flush_requests_total,vda,172.18.0.3:9100,prometheus.scrape.annotated_pods
2025-07-12 05:36:28,934799,node_disk_flush_requests_total,vda,172.18.0.3:9100,prometheus.scrape.annotated_pods
2025-07-12 05:37:28,935002,node_disk_flush_requests_total,vda,172.18.0.3:9100,prometheus.scrape.annotated_pods
2025-07-12 05:38:28,935002,node_disk_flush_requests_total,vda,172.18.0.3:9100,prometheus.scrape.annotated_pods
2025-07-12 05:39:28,935002,node_disk_flush_requests_total,vda,172.18.0.3:9100,prometheus.scrape.annotated_pods
2025-07-12 05:40:28,935002,node_disk_flush_requests_total,vda,172.18.0.3:9100,prometheus.scrape.annotated_pods
2025-07-12 05:41:28,935002,node_disk_flush_requests_total,vda,172.18.0.3:9100,prometheus.scrape.annotated_pods
2025-07-12 05:42:28,935597,node_disk_flush_requests_total,vda,172.18.0.3:9100,prometheus.scrape.annotated_pods
2025-07-12 05:43:28,936288,node_disk_flush_requests_total,vda,172.18.0.3:9100,prometheus.scrape.annotated_pods
2025-07-12 05:44:28,937252,node_disk_flush_requests_total,vda,172.18.0.3:9100,prometheus.scrape.annotated_pods
2025-07-12 05:45:28,937786,node_disk_flush_requests_total,vda,172.18.0.3:9100,prometheus.scrape.annotated_pods
2025-07-12 05:46:28,938646,node_disk_flush_requests_total,vda,172.18.0.3:9100,prometheus.scrape.annotated_pods
2025-07-12 05:47:28,939280,node_disk_flush_requests_total,vda,172.18.0.3:9100,prometheus.scrape.annotated_pods
2025-07-12 05:48:28,939861,node_disk_flush_requests_total,vda,172.18.0.3:9100,prometheus.scrape.annotated_pods
2025-07-12 05:49:28,940722,node_disk_flush_requests_total,vda,172.18.0.3:9100,prometheus.scrape.annotated_pods
2025-07-12 05:50:28,941341,node_disk_flush_requests_total,vda,172.18.0.3:9100,prometheus.scrape.annotated_pods
2025-07-12 05:51:28,942380,node_disk_flush_requests_total,vda,172.18.0.3:9100,prometheus.scrape.annotated_pods
2025-07-12 05:52:28,943118,node_disk_flush_requests_total,vda,172.18.0.3:9100,prometheus.scrape.annotated_pods
2025-07-12 05:53:28,943793,node_disk_flush_requests_total,vda,172.18.0.3:9100,prometheus.scrape.annotated_pods
2025-07-12 05:54:28,944265,node_disk_flush_requests_total,vda,172.18.0.3:9100,prometheus.scrape.annotated_pods
2025-07-12 05:55:28,944951,node_disk_flush_requests_total,vda,172.18.0.3:9100,prometheus.scrape.annotated_pods
2025-07-12 05:56:28,945656,node_disk_flush_requests_total,vda,172.18.0.3:9100,prometheus.scrape.annotated_pods
2025-07-12 05:57:28,946662,node_disk_flush_requests_total,vda,172.18.0.3:9100,prometheus.scrape.annotated_pods
2025-07-12 05:58:28,947532,node_disk_flush_requests_total,vda,172.18.0.3:9100,prometheus.scrape.annotated_pods
2025-07-12 05:59:28,948158,node_disk_flush_requests_total,vda,172.18.0.3:9100,prometheus.scrape.annotated_pods
2025-07-12 06:00:28,948862,node_disk_flush_requests_total,vda,172.18.0.3:9100,prometheus.scrape.annotated_pods
2025-07-12 06:01:28,949665,node_disk_flush_requests_total,vda,172.18.0.3:9100,prometheus.scrape.annotated_pods
2025-07-12 06:02:28,950249,node_disk_flush_requests_total,vda,172.18.0.3:9100,prometheus.scrape.annotated_pods
2025-07-12 06:03:28,950850,node_disk_flush_requests_total,vda,172.18.0.3:9100,prometheus.scrape.annotated_pods
2025-07-12 06:04:28,951568,node_disk_flush_requests_total,vda,172.18.0.3:9100,prometheus.scrape.annotated_pods
2025-07-12 06:05:28,952228,node_disk_flush_requests_total,vda,172.18.0.3:9100,prometheus.scrape.annotated_pods
2025-07-12 06:06:28,952776,node_disk_flush_requests_total,vda,172.18.0.3:9100,prometheus.scrape.annotated_pods
2025-07-12 06:07:28,953342,node_disk_flush_requests_total,vda,172.18.0.3:9100,prometheus.scrape.annotated_pods
2025-07-12 06:08:28,953781,node_disk_flush_requests_total,vda,172.18.0.3:9100,prometheus.scrape.annotated_pods
2025-07-12 06:09:28,954177,node_disk_flush_requests_total,vda,172.18.0.3:9100,prometheus.scrape.annotated_pods
2025-07-12 06:10:28,954589,node_disk_flush_requests_total,vda,172.18.0.3:9100,prometheus.scrape.annotated_pods
2025-07-12 06:11:28,955010,node_disk_flush_requests_total,vda,172.18.0.3:9100,prometheus.scrape.annotated_pods
2025-07-12 06:12:28,955425,node_disk_flush_requests_total,vda,172.18.0.3:9100,prometheus.scrape.annotated_pods
2025-07-12 06:13:28,955854,node_disk_flush_requests_total,vda,172.18.0.3:9100,prometheus.scrape.annotated_pods
2025-07-12 05:29:28,925348,node_disk_flush_requests_total,vda,172.18.0.4:9100,prometheus.scrape.annotated_pods
2025-07-12 05:30:28,929189,node_disk_flush_requests_total,vda,172.18.0.4:9100,prometheus.scrape.annotated_pods
2025-07-12 05:31:28,930353,node_disk_flush_requests_total,vda,172.18.0.4:9100,prometheus.scrape.annotated_pods
2025-07-12 05:32:28,931347,node_disk_flush_requests_total,vda,172.18.0.4:9100,prometheus.scrape.annotated_pods
2025-07-12 05:33:28,932394,node_disk_flush_requests_total,vda,172.18.0.4:9100,prometheus.scrape.annotated_pods
2025-07-12 05:34:28,933319,node_disk_flush_requests_total,vda,172.18.0.4:9100,prometheus.scrape.annotated_pods
2025-07-12 05:35:28,934070,node_disk_flush_requests_total,vda,172.18.0.4:9100,prometheus.scrape.annotated_pods
2025-07-12 05:36:28,934804,node_disk_flush_requests_total,vda,172.18.0.4:9100,prometheus.scrape.annotated_pods
2025-07-12 05:37:28,935002,node_disk_flush_requests_total,vda,172.18.0.4:9100,prometheus.scrape.annotated_pods
2025-07-12 05:38:28,935002,node_disk_flush_requests_total,vda,172.18.0.4:9100,prometheus.scrape.annotated_pods
2025-07-12 05:39:28,935002,node_disk_flush_requests_total,vda,172.18.0.4:9100,prometheus.scrape.annotated_pods
2025-07-12 05:40:28,935002,node_disk_flush_requests_total,vda,172.18.0.4:9100,prometheus.scrape.annotated_pods
2025-07-12 05:41:28,935002,node_disk_flush_requests_total,vda,172.18.0.4:9100,prometheus.scrape.annotated_pods
2025-07-12 05:42:28,935597,node_disk_flush_requests_total,vda,172.18.0.4:9100,prometheus.scrape.annotated_pods
2025-07-12 05:43:28,936289,node_disk_flush_requests_total,vda,172.18.0.4:9100,prometheus.scrape.annotated_pods
2025-07-12 05:44:28,937252,node_disk_flush_requests_total,vda,172.18.0.4:9100,prometheus.scrape.annotated_pods
2025-07-12 05:45:28,937786,node_disk_flush_requests_total,vda,172.18.0.4:9100,prometheus.scrape.annotated_pods
2025-07-12 05:46:28,938646,node_disk_flush_requests_total,vda,172.18.0.4:9100,prometheus.scrape.annotated_pods
2025-07-12 05:47:28,939280,node_disk_flush_requests_total,vda,172.18.0.4:9100,prometheus.scrape.annotated_pods
2025-07-12 05:48:28,939863,node_disk_flush_requests_total,vda,172.18.0.4:9100,prometheus.scrape.annotated_pods
2025-07-12 05:49:28,940722,node_disk_flush_requests_total,vda,172.18.0.4:9100,prometheus.scrape.annotated_pods
2025-07-12 05:50:28,941341,node_disk_flush_requests_total,vda,172.18.0.4:9100,prometheus.scrape.annotated_pods
2025-07-12 05:51:28,942381,node_disk_flush_requests_total,vda,172.18.0.4:9100,prometheus.scrape.annotated_pods
2025-07-12 05:52:28,943118,node_disk_flush_requests_total,vda,172.18.0.4:9100,prometheus.scrape.annotated_pods
2025-07-12 05:53:28,943793,node_disk_flush_requests_total,vda,172.18.0.4:9100,prometheus.scrape.annotated_pods
2025-07-12 05:54:28,944265,node_disk_flush_requests_total,vda,172.18.0.4:9100,prometheus.scrape.annotated_pods
2025-07-12 05:55:28,944951,node_disk_flush_requests_total,vda,172.18.0.4:9100,prometheus.scrape.annotated_pods
2025-07-12 05:56:28,945656,node_disk_flush_requests_total,vda,172.18.0.4:9100,prometheus.scrape.annotated_pods
2025-07-12 05:57:28,946662,node_disk_flush_requests_total,vda,172.18.0.4:9100,prometheus.scrape.annotated_pods
2025-07-12 05:58:28,947532,node_disk_flush_requests_total,vda,172.18.0.4:9100,prometheus.scrape.annotated_pods
2025-07-12 05:59:28,948158,node_disk_flush_requests_total,vda,172.18.0.4:9100,prometheus.scrape.annotated_pods
2025-07-12 06:00:28,948862,node_disk_flush_requests_total,vda,172.18.0.4:9100,prometheus.scrape.annotated_pods
2025-07-12 06:01:28,949665,node_disk_flush_requests_total,vda,172.18.0.4:9100,prometheus.scrape.annotated_pods
2025-07-12 06:02:28,950249,node_disk_flush_requests_total,vda,172.18.0.4:9100,prometheus.scrape.annotated_pods
2025-07-12 06:03:28,950850,node_disk_flush_requests_total,vda,172.18.0.4:9100,prometheus.scrape.annotated_pods
2025-07-12 06:04:28,951568,node_disk_flush_requests_total,vda,172.18.0.4:9100,prometheus.scrape.annotated_pods
2025-07-12 06:05:28,952228,node_disk_flush_requests_total,vda,172.18.0.4:9100,prometheus.scrape.annotated_pods
2025-07-12 06:06:28,952776,node_disk_flush_requests_total,vda,172.18.0.4:9100,prometheus.scrape.annotated_pods
2025-07-12 06:07:28,953342,node_disk_flush_requests_total,vda,172.18.0.4:9100,prometheus.scrape.annotated_pods
2025-07-12 06:08:28,953781,node_disk_flush_requests_total,vda,172.18.0.4:9100,prometheus.scrape.annotated_pods
2025-07-12 06:09:28,954177,node_disk_flush_requests_total,vda,172.18.0.4:9100,prometheus.scrape.annotated_pods
2025-07-12 06:10:28,954589,node_disk_flush_requests_total,vda,172.18.0.4:9100,prometheus.scrape.annotated_pods
2025-07-12 06:11:28,955010,node_disk_flush_requests_total,vda,172.18.0.4:9100,prometheus.scrape.annotated_pods
2025-07-12 06:12:28,955425,node_disk_flush_requests_total,vda,172.18.0.4:9100,prometheus.scrape.annotated_pods
2025-07-12 06:13:28,955855,node_disk_flush_requests_total,vda,172.18.0.4:9100,prometheus.scrape.annotated_pods
2025-07-12 05:30:28,929177,node_disk_flush_requests_total,vda,node-exporter.nimbusguard.svc:9100,prometheus.scrape.node_exporter
2025-07-12 05:31:28,930339,node_disk_flush_requests_total,vda,node-exporter.nimbusguard.svc:9100,prometheus.scrape.node_exporter
2025-07-12 05:32:28,931334,node_disk_flush_requests_total,vda,node-exporter.nimbusguard.svc:9100,prometheus.scrape.node_exporter
2025-07-12 05:33:28,932375,node_disk_flush_requests_total,vda,node-exporter.nimbusguard.svc:9100,prometheus.scrape.node_exporter
2025-07-12 05:34:28,933306,node_disk_flush_requests_total,vda,node-exporter.nimbusguard.svc:9100,prometheus.scrape.node_exporter
2025-07-12 05:35:28,934049,node_disk_flush_requests_total,vda,node-exporter.nimbusguard.svc:9100,prometheus.scrape.node_exporter
2025-07-12 05:36:28,934776,node_disk_flush_requests_total,vda,node-exporter.nimbusguard.svc:9100,prometheus.scrape.node_exporter
2025-07-12 05:37:28,934959,node_disk_flush_requests_total,vda,node-exporter.nimbusguard.svc:9100,prometheus.scrape.node_exporter
2025-07-12 05:38:28,934959,node_disk_flush_requests_total,vda,node-exporter.nimbusguard.svc:9100,prometheus.scrape.node_exporter
2025-07-12 05:39:28,934959,node_disk_flush_requests_total,vda,node-exporter.nimbusguard.svc:9100,prometheus.scrape.node_exporter
2025-07-12 05:40:28,934959,node_disk_flush_requests_total,vda,node-exporter.nimbusguard.svc:9100,prometheus.scrape.node_exporter
2025-07-12 05:41:28,934959,node_disk_flush_requests_total,vda,node-exporter.nimbusguard.svc:9100,prometheus.scrape.node_exporter
2025-07-12 05:42:28,935593,node_disk_flush_requests_total,vda,node-exporter.nimbusguard.svc:9100,prometheus.scrape.node_exporter
2025-07-12 05:43:28,936288,node_disk_flush_requests_total,vda,node-exporter.nimbusguard.svc:9100,prometheus.scrape.node_exporter
2025-07-12 05:44:28,937252,node_disk_flush_requests_total,vda,node-exporter.nimbusguard.svc:9100,prometheus.scrape.node_exporter
2025-07-12 05:45:28,937786,node_disk_flush_requests_total,vda,node-exporter.nimbusguard.svc:9100,prometheus.scrape.node_exporter
2025-07-12 05:46:28,938646,node_disk_flush_requests_total,vda,node-exporter.nimbusguard.svc:9100,prometheus.scrape.node_exporter
2025-07-12 05:47:28,939280,node_disk_flush_requests_total,vda,node-exporter.nimbusguard.svc:9100,prometheus.scrape.node_exporter
2025-07-12 05:48:28,939856,node_disk_flush_requests_total,vda,node-exporter.nimbusguard.svc:9100,prometheus.scrape.node_exporter
2025-07-12 05:49:28,940719,node_disk_flush_requests_total,vda,node-exporter.nimbusguard.svc:9100,prometheus.scrape.node_exporter
2025-07-12 05:50:28,941338,node_disk_flush_requests_total,vda,node-exporter.nimbusguard.svc:9100,prometheus.scrape.node_exporter
2025-07-12 05:51:28,942380,node_disk_flush_requests_total,vda,node-exporter.nimbusguard.svc:9100,prometheus.scrape.node_exporter
2025-07-12 05:52:28,943118,node_disk_flush_requests_total,vda,node-exporter.nimbusguard.svc:9100,prometheus.scrape.node_exporter
2025-07-12 05:53:28,943793,node_disk_flush_requests_total,vda,node-exporter.nimbusguard.svc:9100,prometheus.scrape.node_exporter
2025-07-12 05:54:28,944265,node_disk_flush_requests_total,vda,node-exporter.nimbusguard.svc:9100,prometheus.scrape.node_exporter
2025-07-12 05:55:28,944951,node_disk_flush_requests_total,vda,node-exporter.nimbusguard.svc:9100,prometheus.scrape.node_exporter
2025-07-12 05:56:28,945656,node_disk_flush_requests_total,vda,node-exporter.nimbusguard.svc:9100,prometheus.scrape.node_exporter
2025-07-12 05:57:28,946658,node_disk_flush_requests_total,vda,node-exporter.nimbusguard.svc:9100,prometheus.scrape.node_exporter
2025-07-12 05:58:28,947529,node_disk_flush_requests_total,vda,node-exporter.nimbusguard.svc:9100,prometheus.scrape.node_exporter
2025-07-12 05:59:28,948157,node_disk_flush_requests_total,vda,node-exporter.nimbusguard.svc:9100,prometheus.scrape.node_exporter
2025-07-12 06:00:28,948862,node_disk_flush_requests_total,vda,node-exporter.nimbusguard.svc:9100,prometheus.scrape.node_exporter
2025-07-12 06:01:28,949665,node_disk_flush_requests_total,vda,node-exporter.nimbusguard.svc:9100,prometheus.scrape.node_exporter
2025-07-12 06:02:28,950249,node_disk_flush_requests_total,vda,node-exporter.nimbusguard.svc:9100,prometheus.scrape.node_exporter
2025-07-12 06:03:28,950848,node_disk_flush_requests_total,vda,node-exporter.nimbusguard.svc:9100,prometheus.scrape.node_exporter
2025-07-12 06:04:28,951562,node_disk_flush_requests_total,vda,node-exporter.nimbusguard.svc:9100,prometheus.scrape.node_exporter
2025-07-12 06:05:28,952225,node_disk_flush_requests_total,vda,node-exporter.nimbusguard.svc:9100,prometheus.scrape.node_exporter
2025-07-12 06:06:28,952776,node_disk_flush_requests_total,vda,node-exporter.nimbusguard.svc:9100,prometheus.scrape.node_exporter
2025-07-12 06:07:28,953342,node_disk_flush_requests_total,vda,node-exporter.nimbusguard.svc:9100,prometheus.scrape.node_exporter
2025-07-12 06:08:28,953781,node_disk_flush_requests_total,vda,node-exporter.nimbusguard.svc:9100,prometheus.scrape.node_exporter
2025-07-12 06:09:28,954177,node_disk_flush_requests_total,vda,node-exporter.nimbusguard.svc:9100,prometheus.scrape.node_exporter
2025-07-12 06:10:28,954589,node_disk_flush_requests_total,vda,node-exporter.nimbusguard.svc:9100,prometheus.scrape.node_exporter
2025-07-12 06:11:28,955010,node_disk_flush_requests_total,vda,node-exporter.nimbusguard.svc:9100,prometheus.scrape.node_exporter
2025-07-12 06:12:28,955423,node_disk_flush_requests_total,vda,node-exporter.nimbusguard.svc:9100,prometheus.scrape.node_exporter
2025-07-12 06:13:28,955854,node_disk_flush_requests_total,vda,node-exporter.nimbusguard.svc:9100,prometheus.scrape.node_exporter
2025-07-12 05:30:28,0,node_disk_flush_requests_total,vdb,172.18.0.2:9100,prometheus.scrape.annotated_pods
2025-07-12 05:31:28,0,node_disk_flush_requests_total,vdb,172.18.0.2:9100,prometheus.scrape.annotated_pods
2025-07-12 05:32:28,0,node_disk_flush_requests_total,vdb,172.18.0.2:9100,prometheus.scrape.annotated_pods
2025-07-12 05:33:28,0,node_disk_flush_requests_total,vdb,172.18.0.2:9100,prometheus.scrape.annotated_pods
2025-07-12 05:34:28,0,node_disk_flush_requests_total,vdb,172.18.0.2:9100,prometheus.scrape.annotated_pods
2025-07-12 05:35:28,0,node_disk_flush_requests_total,vdb,172.18.0.2:9100,prometheus.scrape.annotated_pods
2025-07-12 05:36:28,0,node_disk_flush_requests_total,vdb,172.18.0.2:9100,prometheus.scrape.annotated_pods
2025-07-12 05:37:28,0,node_disk_flush_requests_total,vdb,172.18.0.2:9100,prometheus.scrape.annotated_pods
2025-07-12 05:38:28,0,node_disk_flush_requests_total,vdb,172.18.0.2:9100,prometheus.scrape.annotated_pods
2025-07-12 05:39:28,0,node_disk_flush_requests_total,vdb,172.18.0.2:9100,prometheus.scrape.annotated_pods
2025-07-12 05:40:28,0,node_disk_flush_requests_total,vdb,172.18.0.2:9100,prometheus.scrape.annotated_pods
2025-07-12 05:41:28,0,node_disk_flush_requests_total,vdb,172.18.0.2:9100,prometheus.scrape.annotated_pods
2025-07-12 05:42:28,0,node_disk_flush_requests_total,vdb,172.18.0.2:9100,prometheus.scrape.annotated_pods
2025-07-12 05:43:28,0,node_disk_flush_requests_total,vdb,172.18.0.2:9100,prometheus.scrape.annotated_pods
2025-07-12 05:44:28,0,node_disk_flush_requests_total,vdb,172.18.0.2:9100,prometheus.scrape.annotated_pods
2025-07-12 05:45:28,0,node_disk_flush_requests_total,vdb,172.18.0.2:9100,prometheus.scrape.annotated_pods
2025-07-12 05:46:28,0,node_disk_flush_requests_total,vdb,172.18.0.2:9100,prometheus.scrape.annotated_pods
2025-07-12 05:47:28,0,node_disk_flush_requests_total,vdb,172.18.0.2:9100,prometheus.scrape.annotated_pods
2025-07-12 05:48:28,0,node_disk_flush_requests_total,vdb,172.18.0.2:9100,prometheus.scrape.annotated_pods
2025-07-12 05:49:28,0,node_disk_flush_requests_total,vdb,172.18.0.2:9100,prometheus.scrape.annotated_pods
2025-07-12 05:50:28,0,node_disk_flush_requests_total,vdb,172.18.0.2:9100,prometheus.scrape.annotated_pods
2025-07-12 05:51:28,0,node_disk_flush_requests_total,vdb,172.18.0.2:9100,prometheus.scrape.annotated_pods
2025-07-12 05:52:28,0,node_disk_flush_requests_total,vdb,172.18.0.2:9100,prometheus.scrape.annotated_pods
2025-07-12 05:53:28,0,node_disk_flush_requests_total,vdb,172.18.0.2:9100,prometheus.scrape.annotated_pods
2025-07-12 05:54:28,0,node_disk_flush_requests_total,vdb,172.18.0.2:9100,prometheus.scrape.annotated_pods
2025-07-12 05:55:28,0,node_disk_flush_requests_total,vdb,172.18.0.2:9100,prometheus.scrape.annotated_pods
2025-07-12 05:56:28,0,node_disk_flush_requests_total,vdb,172.18.0.2:9100,prometheus.scrape.annotated_pods
2025-07-12 05:57:28,0,node_disk_flush_requests_total,vdb,172.18.0.2:9100,prometheus.scrape.annotated_pods
2025-07-12 05:58:28,0,node_disk_flush_requests_total,vdb,172.18.0.2:9100,prometheus.scrape.annotated_pods
2025-07-12 05:59:28,0,node_disk_flush_requests_total,vdb,172.18.0.2:9100,prometheus.scrape.annotated_pods
2025-07-12 06:00:28,0,node_disk_flush_requests_total,vdb,172.18.0.2:9100,prometheus.scrape.annotated_pods
2025-07-12 06:01:28,0,node_disk_flush_requests_total,vdb,172.18.0.2:9100,prometheus.scrape.annotated_pods
2025-07-12 06:02:28,0,node_disk_flush_requests_total,vdb,172.18.0.2:9100,prometheus.scrape.annotated_pods
2025-07-12 06:03:28,0,node_disk_flush_requests_total,vdb,172.18.0.2:9100,prometheus.scrape.annotated_pods
2025-07-12 06:04:28,0,node_disk_flush_requests_total,vdb,172.18.0.2:9100,prometheus.scrape.annotated_pods
2025-07-12 06:05:28,0,node_disk_flush_requests_total,vdb,172.18.0.2:9100,prometheus.scrape.annotated_pods
2025-07-12 06:06:28,0,node_disk_flush_requests_total,vdb,172.18.0.2:9100,prometheus.scrape.annotated_pods
2025-07-12 06:07:28,0,node_disk_flush_requests_total,vdb,172.18.0.2:9100,prometheus.scrape.annotated_pods
2025-07-12 06:08:28,0,node_disk_flush_requests_total,vdb,172.18.0.2:9100,prometheus.scrape.annotated_pods
2025-07-12 06:09:28,0,node_disk_flush_requests_total,vdb,172.18.0.2:9100,prometheus.scrape.annotated_pods
2025-07-12 06:10:28,0,node_disk_flush_requests_total,vdb,172.18.0.2:9100,prometheus.scrape.annotated_pods
2025-07-12 06:11:28,0,node_disk_flush_requests_total,vdb,172.18.0.2:9100,prometheus.scrape.annotated_pods
2025-07-12 06:12:28,0,node_disk_flush_requests_total,vdb,172.18.0.2:9100,prometheus.scrape.annotated_pods
2025-07-12 06:13:28,0,node_disk_flush_requests_total,vdb,172.18.0.2:9100,prometheus.scrape.annotated_pods
2025-07-12 05:29:28,0,node_disk_flush_requests_total,vdb,172.18.0.3:9100,prometheus.scrape.annotated_pods
2025-07-12 05:30:28,0,node_disk_flush_requests_total,vdb,172.18.0.3:9100,prometheus.scrape.annotated_pods
2025-07-12 05:31:28,0,node_disk_flush_requests_total,vdb,172.18.0.3:9100,prometheus.scrape.annotated_pods
2025-07-12 05:32:28,0,node_disk_flush_requests_total,vdb,172.18.0.3:9100,prometheus.scrape.annotated_pods
2025-07-12 05:33:28,0,node_disk_flush_requests_total,vdb,172.18.0.3:9100,prometheus.scrape.annotated_pods
2025-07-12 05:34:28,0,node_disk_flush_requests_total,vdb,172.18.0.3:9100,prometheus.scrape.annotated_pods
2025-07-12 05:35:28,0,node_disk_flush_requests_total,vdb,172.18.0.3:9100,prometheus.scrape.annotated_pods
2025-07-12 05:36:28,0,node_disk_flush_requests_total,vdb,172.18.0.3:9100,prometheus.scrape.annotated_pods
2025-07-12 05:37:28,0,node_disk_flush_requests_total,vdb,172.18.0.3:9100,prometheus.scrape.annotated_pods
2025-07-12 05:38:28,0,node_disk_flush_requests_total,vdb,172.18.0.3:9100,prometheus.scrape.annotated_pods
2025-07-12 05:39:28,0,node_disk_flush_requests_total,vdb,172.18.0.3:9100,prometheus.scrape.annotated_pods
2025-07-12 05:40:28,0,node_disk_flush_requests_total,vdb,172.18.0.3:9100,prometheus.scrape.annotated_pods
2025-07-12 05:41:28,0,node_disk_flush_requests_total,vdb,172.18.0.3:9100,prometheus.scrape.annotated_pods
2025-07-12 05:42:28,0,node_disk_flush_requests_total,vdb,172.18.0.3:9100,prometheus.scrape.annotated_pods
2025-07-12 05:43:28,0,node_disk_flush_requests_total,vdb,172.18.0.3:9100,prometheus.scrape.annotated_pods
2025-07-12 05:44:28,0,node_disk_flush_requests_total,vdb,172.18.0.3:9100,prometheus.scrape.annotated_pods
2025-07-12 05:45:28,0,node_disk_flush_requests_total,vdb,172.18.0.3:9100,prometheus.scrape.annotated_pods
2025-07-12 05:46:28,0,node_disk_flush_requests_total,vdb,172.18.0.3:9100,prometheus.scrape.annotated_pods
2025-07-12 05:47:28,0,node_disk_flush_requests_total,vdb,172.18.0.3:9100,prometheus.scrape.annotated_pods
2025-07-12 05:48:28,0,node_disk_flush_requests_total,vdb,172.18.0.3:9100,prometheus.scrape.annotated_pods
2025-07-12 05:49:28,0,node_disk_flush_requests_total,vdb,172.18.0.3:9100,prometheus.scrape.annotated_pods
2025-07-12 05:50:28,0,node_disk_flush_requests_total,vdb,172.18.0.3:9100,prometheus.scrape.annotated_pods
2025-07-12 05:51:28,0,node_disk_flush_requests_total,vdb,172.18.0.3:9100,prometheus.scrape.annotated_pods
2025-07-12 05:52:28,0,node_disk_flush_requests_total,vdb,172.18.0.3:9100,prometheus.scrape.annotated_pods
2025-07-12 05:53:28,0,node_disk_flush_requests_total,vdb,172.18.0.3:9100,prometheus.scrape.annotated_pods
2025-07-12 05:54:28,0,node_disk_flush_requests_total,vdb,172.18.0.3:9100,prometheus.scrape.annotated_pods
2025-07-12 05:55:28,0,node_disk_flush_requests_total,vdb,172.18.0.3:9100,prometheus.scrape.annotated_pods
2025-07-12 05:56:28,0,node_disk_flush_requests_total,vdb,172.18.0.3:9100,prometheus.scrape.annotated_pods
2025-07-12 05:57:28,0,node_disk_flush_requests_total,vdb,172.18.0.3:9100,prometheus.scrape.annotated_pods
2025-07-12 05:58:28,0,node_disk_flush_requests_total,vdb,172.18.0.3:9100,prometheus.scrape.annotated_pods
2025-07-12 05:59:28,0,node_disk_flush_requests_total,vdb,172.18.0.3:9100,prometheus.scrape.annotated_pods
2025-07-12 06:00:28,0,node_disk_flush_requests_total,vdb,172.18.0.3:9100,prometheus.scrape.annotated_pods
2025-07-12 06:01:28,0,node_disk_flush_requests_total,vdb,172.18.0.3:9100,prometheus.scrape.annotated_pods
2025-07-12 06:02:28,0,node_disk_flush_requests_total,vdb,172.18.0.3:9100,prometheus.scrape.annotated_pods
2025-07-12 06:03:28,0,node_disk_flush_requests_total,vdb,172.18.0.3:9100,prometheus.scrape.annotated_pods
2025-07-12 06:04:28,0,node_disk_flush_requests_total,vdb,172.18.0.3:9100,prometheus.scrape.annotated_pods
2025-07-12 06:05:28,0,node_disk_flush_requests_total,vdb,172.18.0.3:9100,prometheus.scrape.annotated_pods
2025-07-12 06:06:28,0,node_disk_flush_requests_total,vdb,172.18.0.3:9100,prometheus.scrape.annotated_pods
2025-07-12 06:07:28,0,node_disk_flush_requests_total,vdb,172.18.0.3:9100,prometheus.scrape.annotated_pods
2025-07-12 06:08:28,0,node_disk_flush_requests_total,vdb,172.18.0.3:9100,prometheus.scrape.annotated_pods
2025-07-12 06:09:28,0,node_disk_flush_requests_total,vdb,172.18.0.3:9100,prometheus.scrape.annotated_pods
2025-07-12 06:10:28,0,node_disk_flush_requests_total,vdb,172.18.0.3:9100,prometheus.scrape.annotated_pods
2025-07-12 06:11:28,0,node_disk_flush_requests_total,vdb,172.18.0.3:9100,prometheus.scrape.annotated_pods
2025-07-12 06:12:28,0,node_disk_flush_requests_total,vdb,172.18.0.3:9100,prometheus.scrape.annotated_pods
2025-07-12 06:13:28,0,node_disk_flush_requests_total,vdb,172.18.0.3:9100,prometheus.scrape.annotated_pods
2025-07-12 05:29:28,0,node_disk_flush_requests_total,vdb,172.18.0.4:9100,prometheus.scrape.annotated_pods
2025-07-12 05:30:28,0,node_disk_flush_requests_total,vdb,172.18.0.4:9100,prometheus.scrape.annotated_pods
2025-07-12 05:31:28,0,node_disk_flush_requests_total,vdb,172.18.0.4:9100,prometheus.scrape.annotated_pods
2025-07-12 05:32:28,0,node_disk_flush_requests_total,vdb,172.18.0.4:9100,prometheus.scrape.annotated_pods
2025-07-12 05:33:28,0,node_disk_flush_requests_total,vdb,172.18.0.4:9100,prometheus.scrape.annotated_pods
2025-07-12 05:34:28,0,node_disk_flush_requests_total,vdb,172.18.0.4:9100,prometheus.scrape.annotated_pods
2025-07-12 05:35:28,0,node_disk_flush_requests_total,vdb,172.18.0.4:9100,prometheus.scrape.annotated_pods
2025-07-12 05:36:28,0,node_disk_flush_requests_total,vdb,172.18.0.4:9100,prometheus.scrape.annotated_pods
2025-07-12 05:37:28,0,node_disk_flush_requests_total,vdb,172.18.0.4:9100,prometheus.scrape.annotated_pods
2025-07-12 05:38:28,0,node_disk_flush_requests_total,vdb,172.18.0.4:9100,prometheus.scrape.annotated_pods
2025-07-12 05:39:28,0,node_disk_flush_requests_total,vdb,172.18.0.4:9100,prometheus.scrape.annotated_pods
2025-07-12 05:40:28,0,node_disk_flush_requests_total,vdb,172.18.0.4:9100,prometheus.scrape.annotated_pods
2025-07-12 05:41:28,0,node_disk_flush_requests_total,vdb,172.18.0.4:9100,prometheus.scrape.annotated_pods
2025-07-12 05:42:28,0,node_disk_flush_requests_total,vdb,172.18.0.4:9100,prometheus.scrape.annotated_pods
2025-07-12 05:43:28,0,node_disk_flush_requests_total,vdb,172.18.0.4:9100,prometheus.scrape.annotated_pods
2025-07-12 05:44:28,0,node_disk_flush_requests_total,vdb,172.18.0.4:9100,prometheus.scrape.annotated_pods
2025-07-12 05:45:28,0,node_disk_flush_requests_total,vdb,172.18.0.4:9100,prometheus.scrape.annotated_pods
2025-07-12 05:46:28,0,node_disk_flush_requests_total,vdb,172.18.0.4:9100,prometheus.scrape.annotated_pods
2025-07-12 05:47:28,0,node_disk_flush_requests_total,vdb,172.18.0.4:9100,prometheus.scrape.annotated_pods
2025-07-12 05:48:28,0,node_disk_flush_requests_total,vdb,172.18.0.4:9100,prometheus.scrape.annotated_pods
2025-07-12 05:49:28,0,node_disk_flush_requests_total,vdb,172.18.0.4:9100,prometheus.scrape.annotated_pods
2025-07-12 05:50:28,0,node_disk_flush_requests_total,vdb,172.18.0.4:9100,prometheus.scrape.annotated_pods
2025-07-12 05:51:28,0,node_disk_flush_requests_total,vdb,172.18.0.4:9100,prometheus.scrape.annotated_pods
2025-07-12 05:52:28,0,node_disk_flush_requests_total,vdb,172.18.0.4:9100,prometheus.scrape.annotated_pods
2025-07-12 05:53:28,0,node_disk_flush_requests_total,vdb,172.18.0.4:9100,prometheus.scrape.annotated_pods
2025-07-12 05:54:28,0,node_disk_flush_requests_total,vdb,172.18.0.4:9100,prometheus.scrape.annotated_pods
2025-07-12 05:55:28,0,node_disk_flush_requests_total,vdb,172.18.0.4:9100,prometheus.scrape.annotated_pods
2025-07-12 05:56:28,0,node_disk_flush_requests_total,vdb,172.18.0.4:9100,prometheus.scrape.annotated_pods
2025-07-12 05:57:28,0,node_disk_flush_requests_total,vdb,172.18.0.4:9100,prometheus.scrape.annotated_pods
2025-07-12 05:58:28,0,node_disk_flush_requests_total,vdb,172.18.0.4:9100,prometheus.scrape.annotated_pods
2025-07-12 05:59:28,0,node_disk_flush_requests_total,vdb,172.18.0.4:9100,prometheus.scrape.annotated_pods
2025-07-12 06:00:28,0,node_disk_flush_requests_total,vdb,172.18.0.4:9100,prometheus.scrape.annotated_pods
2025-07-12 06:01:28,0,node_disk_flush_requests_total,vdb,172.18.0.4:9100,prometheus.scrape.annotated_pods
2025-07-12 06:02:28,0,node_disk_flush_requests_total,vdb,172.18.0.4:9100,prometheus.scrape.annotated_pods
2025-07-12 06:03:28,0,node_disk_flush_requests_total,vdb,172.18.0.4:9100,prometheus.scrape.annotated_pods
2025-07-12 06:04:28,0,node_disk_flush_requests_total,vdb,172.18.0.4:9100,prometheus.scrape.annotated_pods
2025-07-12 06:05:28,0,node_disk_flush_requests_total,vdb,172.18.0.4:9100,prometheus.scrape.annotated_pods
2025-07-12 06:06:28,0,node_disk_flush_requests_total,vdb,172.18.0.4:9100,prometheus.scrape.annotated_pods
2025-07-12 06:07:28,0,node_disk_flush_requests_total,vdb,172.18.0.4:9100,prometheus.scrape.annotated_pods
2025-07-12 06:08:28,0,node_disk_flush_requests_total,vdb,172.18.0.4:9100,prometheus.scrape.annotated_pods
2025-07-12 06:09:28,0,node_disk_flush_requests_total,vdb,172.18.0.4:9100,prometheus.scrape.annotated_pods
2025-07-12 06:10:28,0,node_disk_flush_requests_total,vdb,172.18.0.4:9100,prometheus.scrape.annotated_pods
2025-07-12 06:11:28,0,node_disk_flush_requests_total,vdb,172.18.0.4:9100,prometheus.scrape.annotated_pods
2025-07-12 06:12:28,0,node_disk_flush_requests_total,vdb,172.18.0.4:9100,prometheus.scrape.annotated_pods
2025-07-12 06:13:28,0,node_disk_flush_requests_total,vdb,172.18.0.4:9100,prometheus.scrape.annotated_pods
2025-07-12 05:30:28,0,node_disk_flush_requests_total,vdb,node-exporter.nimbusguard.svc:9100,prometheus.scrape.node_exporter
2025-07-12 05:31:28,0,node_disk_flush_requests_total,vdb,node-exporter.nimbusguard.svc:9100,prometheus.scrape.node_exporter
2025-07-12 05:32:28,0,node_disk_flush_requests_total,vdb,node-exporter.nimbusguard.svc:9100,prometheus.scrape.node_exporter
2025-07-12 05:33:28,0,node_disk_flush_requests_total,vdb,node-exporter.nimbusguard.svc:9100,prometheus.scrape.node_exporter
2025-07-12 05:34:28,0,node_disk_flush_requests_total,vdb,node-exporter.nimbusguard.svc:9100,prometheus.scrape.node_exporter
2025-07-12 05:35:28,0,node_disk_flush_requests_total,vdb,node-exporter.nimbusguard.svc:9100,prometheus.scrape.node_exporter
2025-07-12 05:36:28,0,node_disk_flush_requests_total,vdb,node-exporter.nimbusguard.svc:9100,prometheus.scrape.node_exporter
2025-07-12 05:37:28,0,node_disk_flush_requests_total,vdb,node-exporter.nimbusguard.svc:9100,prometheus.scrape.node_exporter
2025-07-12 05:38:28,0,node_disk_flush_requests_total,vdb,node-exporter.nimbusguard.svc:9100,prometheus.scrape.node_exporter
2025-07-12 05:39:28,0,node_disk_flush_requests_total,vdb,node-exporter.nimbusguard.svc:9100,prometheus.scrape.node_exporter
2025-07-12 05:40:28,0,node_disk_flush_requests_total,vdb,node-exporter.nimbusguard.svc:9100,prometheus.scrape.node_exporter
2025-07-12 05:41:28,0,node_disk_flush_requests_total,vdb,node-exporter.nimbusguard.svc:9100,prometheus.scrape.node_exporter
2025-07-12 05:42:28,0,node_disk_flush_requests_total,vdb,node-exporter.nimbusguard.svc:9100,prometheus.scrape.node_exporter
2025-07-12 05:43:28,0,node_disk_flush_requests_total,vdb,node-exporter.nimbusguard.svc:9100,prometheus.scrape.node_exporter
2025-07-12 05:44:28,0,node_disk_flush_requests_total,vdb,node-exporter.nimbusguard.svc:9100,prometheus.scrape.node_exporter
2025-07-12 05:45:28,0,node_disk_flush_requests_total,vdb,node-exporter.nimbusguard.svc:9100,prometheus.scrape.node_exporter
2025-07-12 05:46:28,0,node_disk_flush_requests_total,vdb,node-exporter.nimbusguard.svc:9100,prometheus.scrape.node_exporter
2025-07-12 05:47:28,0,node_disk_flush_requests_total,vdb,node-exporter.nimbusguard.svc:9100,prometheus.scrape.node_exporter
2025-07-12 05:48:28,0,node_disk_flush_requests_total,vdb,node-exporter.nimbusguard.svc:9100,prometheus.scrape.node_exporter
2025-07-12 05:49:28,0,node_disk_flush_requests_total,vdb,node-exporter.nimbusguard.svc:9100,prometheus.scrape.node_exporter
2025-07-12 05:50:28,0,node_disk_flush_requests_total,vdb,node-exporter.nimbusguard.svc:9100,prometheus.scrape.node_exporter
2025-07-12 05:51:28,0,node_disk_flush_requests_total,vdb,node-exporter.nimbusguard.svc:9100,prometheus.scrape.node_exporter
2025-07-12 05:52:28,0,node_disk_flush_requests_total,vdb,node-exporter.nimbusguard.svc:9100,prometheus.scrape.node_exporter
2025-07-12 05:53:28,0,node_disk_flush_requests_total,vdb,node-exporter.nimbusguard.svc:9100,prometheus.scrape.node_exporter
2025-07-12 05:54:28,0,node_disk_flush_requests_total,vdb,node-exporter.nimbusguard.svc:9100,prometheus.scrape.node_exporter
2025-07-12 05:55:28,0,node_disk_flush_requests_total,vdb,node-exporter.nimbusguard.svc:9100,prometheus.scrape.node_exporter
2025-07-12 05:56:28,0,node_disk_flush_requests_total,vdb,node-exporter.nimbusguard.svc:9100,prometheus.scrape.node_exporter
2025-07-12 05:57:28,0,node_disk_flush_requests_total,vdb,node-exporter.nimbusguard.svc:9100,prometheus.scrape.node_exporter
2025-07-12 05:58:28,0,node_disk_flush_requests_total,vdb,node-exporter.nimbusguard.svc:9100,prometheus.scrape.node_exporter
2025-07-12 05:59:28,0,node_disk_flush_requests_total,vdb,node-exporter.nimbusguard.svc:9100,prometheus.scrape.node_exporter
2025-07-12 06:00:28,0,node_disk_flush_requests_total,vdb,node-exporter.nimbusguard.svc:9100,prometheus.scrape.node_exporter
2025-07-12 06:01:28,0,node_disk_flush_requests_total,vdb,node-exporter.nimbusguard.svc:9100,prometheus.scrape.node_exporter
2025-07-12 06:02:28,0,node_disk_flush_requests_total,vdb,node-exporter.nimbusguard.svc:9100,prometheus.scrape.node_exporter
2025-07-12 06:03:28,0,node_disk_flush_requests_total,vdb,node-exporter.nimbusguard.svc:9100,prometheus.scrape.node_exporter
2025-07-12 06:04:28,0,node_disk_flush_requests_total,vdb,node-exporter.nimbusguard.svc:9100,prometheus.scrape.node_exporter
2025-07-12 06:05:28,0,node_disk_flush_requests_total,vdb,node-exporter.nimbusguard.svc:9100,prometheus.scrape.node_exporter
2025-07-12 06:06:28,0,node_disk_flush_requests_total,vdb,node-exporter.nimbusguard.svc:9100,prometheus.scrape.node_exporter
2025-07-12 06:07:28,0,node_disk_flush_requests_total,vdb,node-exporter.nimbusguard.svc:9100,prometheus.scrape.node_exporter
2025-07-12 06:08:28,0,node_disk_flush_requests_total,vdb,node-exporter.nimbusguard.svc:9100,prometheus.scrape.node_exporter
2025-07-12 06:09:28,0,node_disk_flush_requests_total,vdb,node-exporter.nimbusguard.svc:9100,prometheus.scrape.node_exporter
2025-07-12 06:10:28,0,node_disk_flush_requests_total,vdb,node-exporter.nimbusguard.svc:9100,prometheus.scrape.node_exporter
2025-07-12 06:11:28,0,node_disk_flush_requests_total,vdb,node-exporter.nimbusguard.svc:9100,prometheus.scrape.node_exporter
2025-07-12 06:12:28,0,node_disk_flush_requests_total,vdb,node-exporter.nimbusguard.svc:9100,prometheus.scrape.node_exporter
2025-07-12 06:13:28,0,node_disk_flush_requests_total,vdb,node-exporter.nimbusguard.svc:9100,prometheus.scrape.node_exporter
